,2-aminoadipate_feat,2-aminoadipate_score,3-phosphoglycerate_feat,3-phosphoglycerate_score,alpha-glycerophosphate_feat,alpha-glycerophosphate_score,4-pyridoxate_feat,4-pyridoxate_score,aconitate_feat,aconitate_score,adenine_feat,adenine_score,adipate_feat,adipate_score,alpha-ketoglutarate_feat,alpha-ketoglutarate_score,AMP_feat,AMP_score,citrate_feat,citrate_score,isocitrate_feat,isocitrate_score,CMP_feat,CMP_score,cystathionine_feat,cystathionine_score,cytidine_feat,cytidine_score,dCMP_feat,dCMP_score,DHAP/glyceraldehyde 3P_feat,DHAP/glyceraldehyde 3P_score,erythrose-4-phosphate_feat,erythrose-4-phosphate_score,F1P/F6P/G1P/G6P_feat,F1P/F6P/G1P/G6P_score,hexoses (HILIC neg)_feat,hexoses (HILIC neg)_score,fumarate/maleate/alpha-ketoisovalerate_feat,fumarate/maleate/alpha-ketoisovalerate_score,glucuronate_feat,glucuronate_score,glutathione oxidized_feat,glutathione oxidized_score,glutathione reduced_feat,glutathione reduced_score,GMP_feat,GMP_score,guanosine_feat,guanosine_score,hippurate_feat,hippurate_score,hypoxanthine_feat,hypoxanthine_score,inosine_feat,inosine_score,kynurenine_feat,kynurenine_score,lactate_feat,lactate_score,lactose_feat,lactose_score,malate_feat,malate_score,NAD_feat,NAD_score,NADP_feat,NADP_score,oxalate_feat,oxalate_score,pantothenate_feat,pantothenate_score,PEP_feat,PEP_score,ribose-5-P/ribulose5-P_feat,ribose-5-P/ribulose5-P_score,sorbitol_feat,sorbitol_score,succinate/methylmalonate_feat,succinate/methylmalonate_score,sucrose_feat,sucrose_score,thymine_feat,thymine_score,UMP_feat,UMP_score,UDP-galactose/UDP-glucose_feat,UDP-galactose/UDP-glucose_score,uracil_feat,uracil_score,urate_feat,urate_score,uridine_feat,uridine_score,xanthine_feat,xanthine_score,taurocholate_feat,taurocholate_score,glycodeoxycholate/glycochenodeoxycholate_feat,glycodeoxycholate/glycochenodeoxycholate_score,taurodeoxycholate/taurochenodeoxycholate_feat,taurodeoxycholate/taurochenodeoxycholate_score,phosphocreatine_feat,phosphocreatine_score,3-methyladipate/pimelate_feat,3-methyladipate/pimelate_score,6-phosphogluconate_feat,6-phosphogluconate_score,alpha-hydroxybutyrate_feat,alpha-hydroxybutyrate_score,2-hydroxyglutarate_feat,2-hydroxyglutarate_score,inositol_feat,inositol_score,malondialdehyde_feat,malondialdehyde_score,glycine_feat,glycine_score,alanine_feat,alanine_score,serine_feat,serine_score,threonine_feat,threonine_score,methionine_feat,methionine_score,aspartate_feat,aspartate_score,glutamate_feat,glutamate_score,asparagine_feat,asparagine_score,glutamine_feat,glutamine_score,histidine_feat,histidine_score,arginine_feat,arginine_score,lysine_feat,lysine_score,valine_feat,valine_score,leucine_feat,leucine_score,isoleucine_feat,isoleucine_score,phenylalanine_feat,phenylalanine_score,tyrosine_feat,tyrosine_score,tryptophan_feat,tryptophan_score,proline_feat,proline_score,cis/trans-hydroxyproline_feat,cis/trans-hydroxyproline_score,ornithine_feat,ornithine_score,citrulline_feat,citrulline_score,taurine_feat,taurine_score,5-HIAA_feat,5-HIAA_score,serotonin_feat,serotonin_score,GABA_feat,GABA_score,acetylglycine_feat,acetylglycine_score,dimethylglycine_feat,dimethylglycine_score,homocysteine_feat,homocysteine_score,SDMA/ADMA_feat,SDMA/ADMA_score,NMMA_feat,NMMA_score,allantoin_feat,allantoin_score,anthranilic acid_feat,anthranilic acid_score,kynurenic acid_feat,kynurenic acid_score,5-adenosylhomocysteine_feat,5-adenosylhomocysteine_score,carnosine_feat,carnosine_score,N-carbamoyl-beta-alanine_feat,N-carbamoyl-beta-alanine_score,thiamine_feat,thiamine_score,niacinamide_feat,niacinamide_score,betaine_feat,betaine_score,choline_feat,choline_score,alpha-glycerophosphocholine_feat,alpha-glycerophosphocholine_score,acetylcholine_feat,acetylcholine_score,creatine_feat,creatine_score,creatinine_feat,creatinine_score,thyroxine_feat,thyroxine_score,trimethylamine-N-oxide_feat,trimethylamine-N-oxide_score,hexoses (HILIC pos)_feat,hexoses (HILIC pos)_score,adenosine_feat,adenosine_score,thymidine_feat,thymidine_score,xanthosine_feat,xanthosine_score,2-deoxyadenosine_feat,2-deoxyadenosine_score,2-deoxycytidine_feat,2-deoxycytidine_score,cAMP_feat,cAMP_score,cotinine_feat,cotinine_score,pipecolic acid_feat,pipecolic acid_score,pyroglutamic acid_feat,pyroglutamic acid_score,1-methylnicotinamide_feat,1-methylnicotinamide_score,butyrobetaine_feat,butyrobetaine_score,putrescine_feat,putrescine_score,methionine sulfoxide_feat,methionine sulfoxide_score,carnitine_feat,carnitine_score,acetylcarnitine_feat,acetylcarnitine_score,propionylcarnitine_feat,propionylcarnitine_score,malonylcarnitine_feat,malonylcarnitine_score,butyrylcarnitine/isobutyrylcarnitine_feat,butyrylcarnitine/isobutyrylcarnitine_score,valerylcarnitine/isovalerylcarnitine/2-methylbutyroylcarnitine_feat,valerylcarnitine/isovalerylcarnitine/2-methylbutyroylcarnitine_score,hexanoylcarnitine_feat,hexanoylcarnitine_score,heptanoylcarnitine_feat,heptanoylcarnitine_score,lauroylcarnitine_feat,lauroylcarnitine_score,myristoylcarnitine_feat,myristoylcarnitine_score,palmitoylcarnitine_feat,palmitoylcarnitine_score,stearoylcarnitine_feat,stearoylcarnitine_score,oleylcarnitine_feat,oleylcarnitine_score,arachidonyl_carnitine_feat,arachidonyl_carnitine_score,sarcosine_feat,sarcosine_score,beta-alanine_feat,beta-alanine_score,anserine_feat,anserine_score,C14:0 LPC_feat,C14:0 LPC_score,C16:1 LPC_feat,C16:1 LPC_score,C16:0 LPC_feat,C16:0 LPC_score,C18:2 LPC_feat,C18:2 LPC_score,C18:1 LPC_feat,C18:1 LPC_score,C18:0 LPC_feat,C18:0 LPC_score,C20:4 LPC_feat,C20:4 LPC_score,C20:3 LPC_feat,C20:3 LPC_score,C22:6 LPC_feat,C22:6 LPC_score,C16:0 LPE_feat,C16:0 LPE_score,C18:1 LPE_feat,C18:1 LPE_score,C18:0 LPE_feat,C18:0 LPE_score,C20:4 LPE_feat,C20:4 LPE_score,C22:6 LPE_feat,C22:6 LPE_score,C32:2 PC_feat,C32:2 PC_score,C32:1 PC_feat,C32:1 PC_score,C32:0 PC_feat,C32:0 PC_score,C34:4 PC_feat,C34:4 PC_score,C34:3 PC_feat,C34:3 PC_score,C34:2 PC_feat,C34:2 PC_score,C34:1 PC_feat,C34:1 PC_score,C36:4 PC-A_feat,C36:4 PC-A_score,C36:4 PC-B_feat,C36:4 PC-B_score,C36:3 PC_feat,C36:3 PC_score,C36:2 PC_feat,C36:2 PC_score,C36:1 PC_feat,C36:1 PC_score,C38:6 PC_feat,C38:6 PC_score,C38:5 PC_feat,C38:5 PC_score,C38:4 PC_feat,C38:4 PC_score,C38:2 PC_feat,C38:2 PC_score,C40:6 PC_feat,C40:6 PC_score,C14:0 SM_feat,C14:0 SM_score,C16:1 SM_feat,C16:1 SM_score,C16:0 SM_feat,C16:0 SM_score,C18:2 SM_feat,C18:2 SM_score,C18:1 SM_feat,C18:1 SM_score,C18:0 SM_feat,C18:0 SM_score,C22:1 SM_feat,C22:1 SM_score,C22:0 SM_feat,C22:0 SM_score,C24:1 SM_feat,C24:1 SM_score,C24:0 SM_feat,C24:0 SM_score,C34:2 DAG_feat,C34:2 DAG_score,C34:1 DAG_feat,C34:1 DAG_score,C36:2 DAG_feat,C36:2 DAG_score,C36:1 DAG_feat,C36:1 DAG_score,C14:0 CE_feat,C14:0 CE_score,C16:1 CE_feat,C16:1 CE_score,C16:0 CE_feat,C16:0 CE_score,C18:3 CE_feat,C18:3 CE_score,C18:2 CE_feat,C18:2 CE_score,C18:1 CE_feat,C18:1 CE_score,C18:0 CE_feat,C18:0 CE_score,C20:5 CE_feat,C20:5 CE_score,C20:4 CE_feat,C20:4 CE_score,C20:3 CE_feat,C20:3 CE_score,C22:6 CE_feat,C22:6 CE_score,C46:2 TAG_feat,C46:2 TAG_score,C46:1 TAG_feat,C46:1 TAG_score,C46:0 TAG_feat,C46:0 TAG_score,C48:3 TAG_feat,C48:3 TAG_score,C48:2 TAG_feat,C48:2 TAG_score,C48:1 TAG_feat,C48:1 TAG_score,C48:0 TAG_feat,C48:0 TAG_score,C50:3 TAG_feat,C50:3 TAG_score,C50:2 TAG_feat,C50:2 TAG_score,C50:1 TAG_feat,C50:1 TAG_score,C50:0 TAG_feat,C50:0 TAG_score,C52:5 TAG_feat,C52:5 TAG_score,C52:4 TAG_feat,C52:4 TAG_score,C52:3 TAG_feat,C52:3 TAG_score,C52:2 TAG_feat,C52:2 TAG_score,C52:1 TAG_feat,C52:1 TAG_score,C54:7 TAG_feat,C54:7 TAG_score,C54:6 TAG_feat,C54:6 TAG_score,C54:5 TAG_feat,C54:5 TAG_score,C54:4 TAG_feat,C54:4 TAG_score,C54:3 TAG_feat,C54:3 TAG_score,C54:2 TAG_feat,C54:2 TAG_score,C54:1 TAG_feat,C54:1 TAG_score,C56:8 TAG_feat,C56:8 TAG_score,C56:7 TAG_feat,C56:7 TAG_score,C56:6 TAG_feat,C56:6 TAG_score,C56:5 TAG_feat,C56:5 TAG_score,C56:4 TAG_feat,C56:4 TAG_score,C56:3 TAG_feat,C56:3 TAG_score,C56:2 TAG_feat,C56:2 TAG_score,C58:8 TAG_feat,C58:8 TAG_score,C58:7 TAG_feat,C58:7 TAG_score,C58:6 TAG_feat,C58:6 TAG_score
0,TSC2_PHOS,8,YAP1_PHOS,6,YAP1_PHOS,5,YAP1_PHOS,7,YAP1_PHOS,6,RB_PHOS,6,YAP1_PHOS,7,YAP1_PHOS,5,YAP1_PHOS,5,YAP1_PHOS,6,GYS1_PHOS,4,YAP1_PHOS,6,NDRG1_PHOS,6,YAP1_PHOS,7,YAP1_PHOS,6,YAP1_PHOS,7,SRC_PHOS,7,YAP1_PHOS,6,YAP1_PHOS,7,MYO1A_PHOS,7,YAP1_PHOS,5,YAP1_PHOS,4,PLCG2_PHOS,3,YAP1_PHOS,5,RAF1_PHOS,7,YAP1_PHOS,8,YAP1_PHOS,6,YAP1_PHOS,8,ESR1_PHOS,7,YAP1_PHOS,7,YAP1_PHOS,5,MYO1A_PHOS,6,PRKCA_PHOS,7,PEA15_PHOS,6,YAP1_PHOS,7,MAP2K1_PHOS,6,BCATENIN_PHOS,4,YAP1_PHOS,6,YAP1_PHOS,7,YAP1_PHOS,6,ELK1_PHOS,5,MAPK_PHOS,8,YAP1_PHOS,6,PRKCA_PHOS,7,YAP1_PHOS,5,YAP1_PHOS,6,ERBB3_PHOS,4,YAP1_PHOS,7,TSC2_PHOS,5,YAP1_PHOS,5,ERALPHA_PHOS,7,YAP1_PHOS,7,YAP1_PHOS,7,RAF1_PHOS,6,YAP1_PHOS,7,MYO1A_PHOS,6,BCATENIN_PHOS,3,RB_PHOS,7,CHEK1_PHOS,5,ESR1_PHOS,7,BCATENIN_PHOS,6,YAP1_PHOS,7,YAP1_PHOS,6,FOXO3_PHOS,7,BAD_PHOS,5,GSK3ALPHABETA_PHOS,8,RB1_PHOS,6,YAP1_PHOS,6,YAP1_PHOS,6,YAP1_PHOS,7,YAP1_PHOS,7,YAP1_PHOS,6,YAP1_PHOS,6,YAP1_PHOS,6,YAP1_PHOS,7,YAP1_PHOS,5,PRKCA_PHOS,7,MAP2K1_PHOS,4,YAP1_PHOS,2,YAP1_PHOS,6,ESR1_PHOS,7,YAP1_PHOS,7,FOXO3_PHOS,6,PDPK1_PHOS,6,YAP1_PHOS,7,YAP1_PHOS,8,ACC_PHOS,5,YAP1_PHOS,6,YAP1_PHOS,8,YAP1_PHOS,7,RPS6KB1_PHOS,5,YAP1_PHOS,8,YAP1_PHOS,4,YAP1_PHOS,7,MYO1A_PHOS,6,YAP1_PHOS,7,ERALPHA_PHOS,5,GSK3ALPHABETA_PHOS,8,EPHA2_PHOS,5,PTK2_PHOS,5,RAF1_PHOS,5,YAP1_PHOS,7,YAP1_PHOS,5,YAP1_PHOS,7,YAP1_PHOS,6,YAP1_PHOS,5,TSC2_PHOS,5,YAP1_PHOS,6,YAP1_PHOS,8,FOXO3_PHOS,5,TSC2_PHOS,5,YAP1_PHOS,5,YAP1_PHOS,5,BCATENIN_PHOS,5,YAP1_PHOS,8,YAP1_PHOS,4,YAP1_PHOS,4,ERBB3_PHOS,5,YAP1_PHOS,5,YAP1_PHOS,5,YAP1_PHOS,4,YAP1_PHOS,2,YAP1_PHOS,5,ERALPHA_PHOS,6,YAP1_PHOS,5,ERBB2_PHOS,7,YAP1_PHOS,4,PRKCA_PHOS,7,ERBB2_PHOS,7,ERBB2_PHOS,7,ERBB2_PHOS,7,ERBB2_PHOS,8,YAP1_PHOS,6,ESR1_PHOS,6,PRKCA_PHOS,7,YAP1_PHOS,5,YAP1_PHOS,4,EPHA2_PHOS,4,RAF1_PHOS,6,YAP1_PHOS,7,YAP1_PHOS,6,BAD_PHOS,6,YAP1_PHOS,6,BAD_PHOS,7,YAP1_PHOS,7,MYO1A_PHOS,6,YAP1_PHOS,6,YAP1_PHOS,3,YAP1_PHOS,6,YAP1_PHOS,4,PLCG2_PHOS,3,PLCG2_PHOS,3,YAP1_PHOS,5,EPHA2_PHOS,7,EPHA2_PHOS,4,PLCG2_PHOS,3,YAP1_PHOS,6,YAP1_PHOS,4,YAP1_PHOS,6,YAP1_PHOS,6,PLCG2_PHOS,3,YAP1_PHOS,5,YAP1_PHOS,7,YAP1_PHOS,6,YAP1_PHOS,7,ERBB3_PHOS,7,YAP1_PHOS,7,ACC_PHOS,7,YAP1_PHOS,5,PLCG2_PHOS,3,YAP1_PHOS,5,MAP2K1_PHOS,7,ARAF_PHOS,3,YAP1_PHOS,5,PLCG2_PHOS,3,MAPK_PHOS,8,FOXO3_PHOS,7,MTOR_PHOS,7,YAP1_PHOS,6,ESR1_PHOS,4,YAP1_PHOS,8,BRAF_PHOS,8,YAP1_PHOS,6,YAP1_PHOS,6,YAP1_PHOS,7,YAP1_PHOS,6,YAP1_PHOS,6,YAP1_PHOS,7,YAP1_PHOS,7,YAP1_PHOS,7,YAP1_PHOS,7,YAP1_PHOS,6,PRKCA_PHOS,7,YAP1_PHOS,6,YAP1_PHOS,6,EPHA2_PHOS,5,PRKCA_PHOS,6,YAP1_PHOS,6,BAD_PHOS,7,EPHA2_PHOS,4,BAD_PHOS,6,BAD_PHOS,7,YAP1_PHOS,5,YAP1_PHOS,5,YAP1_PHOS,2,EPHA2_PHOS,4,BRAF_PHOS,5,YAP1_PHOS,5,YAP1_PHOS,3,YAP1_PHOS,5,YAP1_PHOS,4,YAP1_PHOS,3,SRC_PHOS,6,YAP1_PHOS,5,YAP1_PHOS,5,YAP1_PHOS,6,YAP1_PHOS,4,YAP1_PHOS,7,YAP1_PHOS,6,YAP1_PHOS,5,RB_PHOS,8,YAP1_PHOS,6,YAP1_PHOS,5,YAP1_PHOS,5,YAP1_PHOS,4
1,MAP2K1_PHOS,7,AKT1_PHOS,8,BRAF_PHOS,5,SRC_PHOS,5,PRKCA_PHOS,7,YAP1_PHOS,4,ESR1_PHOS,6,PRKCA_PHOS,7,PRKCA_PHOS,7,ERBB3_PHOS,7,YAP1_PHOS,5,MAPK8_PHOS,4,ERALPHA_PHOS,5,MAPK_PHOS,5,NDRG1_PHOS,7,MYO1A_PHOS,6,MYO1A_PHOS,6,MYO1A_PHOS,6,RB_PHOS,8,EIF4EBP1_PHOS,5,SRC_PHOS,5,MYO1A_PHOS,5,BAD_PHOS,6,BRAF_PHOS,5,MAP2K1_PHOS,8,RB_PHOS,7,ERALPHA_PHOS,4,AKT1_PHOS,7,MYO1A_PHOS,5,P27_PHOS,6,ELK1_PHOS,6,PRKCA_PHOS,5,ESR1_PHOS,7,ERBB3_PHOS,5,RICTOR_PHOS,3,ERBB3_PHOS,6,ACC_PHOS,3,MYO1A_PHOS,5,PRKCA_PHOS,6,ERBB3_PHOS,6,YAP1_PHOS,7,PKCPANBETAII_PHOS,4,ERBB2_PHOS,6,ERBB3_PHOS,5,EPHA2_PHOS,4,RB_PHOS,7,ATR_PHOS,5,ACC_PHOS,4,MAPK_PHOS,7,JUN_PHOS,7,PRKCA_PHOS,8,PRKCA_PHOS,8,ERBB3_PHOS,5,PDPK1_PHOS,7,MTOR_PHOS,5,SRC_PHOS,7,EGFR_PHOS,5,CHEK2_PHOS,6,MYO1A_PHOS,4,ERBB3_PHOS,1,MYO1A_PHOS,5,BRAF_PHOS,5,SRC_PHOS,5,AKT1_PHOS,5,ERBB2_PHOS,7,SMAD3_PHOS,2,YAP1_PHOS,7,MAPK_PHOS,7,ERALPHA_PHOS,6,RB_PHOS,7,ERALPHA_PHOS,4,SRC_PHOS,5,SRC_PHOS,5,ERALPHA_PHOS,6,ERALPHA_PHOS,4,ERBB2_PHOS,4,ACC_PHOS,7,YAP1_PHOS,5,P27_PHOS,3,PRKCA_PHOS,6,PRKCA_PHOS,7,EGFR_PHOS,5,ACC_PHOS,7,TSC2_PHOS,7,MET_PHOS,6,S6_PHOS,7,ESR1_PHOS,5,BCATENIN_PHOS,5,BCATENIN_PHOS,5,BCATENIN_PHOS,4,RICTOR_PHOS,6,PRKCA_PHOS,4,RB1_PHOS,3,RB_PHOS,6,BCATENIN_PHOS,5,BRAF_PHOS,8,SRC_PHOS,6,YAP1_PHOS,6,MAPK_PHOS,5,ESR1_PHOS,7,YAP1_PHOS,7,MYO1A_PHOS,5,BCATENIN_PHOS,5,BRAF_PHOS,5,ATR_PHOS,5,RB_PHOS,6,BAD_PHOS,6,SHC1_PHOS,7,ERALPHA_PHOS,7,YAP1_PHOS,4,NDRG1_PHOS,6,RAF1_PHOS,4,RB_PHOS,7,ACC_PHOS,6,GSK3_PHOS,5,MYO1A_PHOS,6,ESR1_PHOS,6,EPHA2_PHOS,4,SRC_PHOS,7,NDRG1_PHOS,5,ERBB3_PHOS,6,MAPK14_PHOS,6,MYO1A_PHOS,6,MAP2K1_PHOS,7,ERBB3_PHOS,5,ARAF_PHOS,5,ERBB2_PHOS,5,ERBB2_PHOS,7,PRKCA_PHOS,6,PRKCA_PHOS,6,SRC_PHOS,5,ACC_PHOS,6,MAP2K1_PHOS,5,NFKBP65_PHOS,7,PDPK1_PHOS,5,PRKCA_PHOS,6,ERBB3_PHOS,5,STAT3_PHOS,7,BAD_PHOS,5,RAF1_PHOS,6,BRAF_PHOS,8,PEA15_PHOS,6,PRKCA_PHOS,5,ERBB3_PHOS,4,BRAF_PHOS,6,YAP1_PHOS,5,STAT3_PHOS,6,RICTOR_PHOS,7,GYS1_PHOS,4,STAT3_PHOS,7,STK11_PHOS,2,EPHA2_PHOS,6,ERBB3_PHOS,5,YAP1_PHOS,6,PDPK1_PHOS,6,ERBB2_PHOS,4,PLCG2_PHOS,3,SHC1_PHOS,5,PRKCA_PHOS,6,ERBB3_PHOS,5,ESR1_PHOS,6,ERBB3_PHOS,2,PRKCA_PHOS,7,PRKCA_PHOS,8,PRKCA_PHOS,7,P27_PHOS,5,PRKCA_PHOS,8,RB_PHOS,5,BRAF_PHOS,4,SHC1_PHOS,6,RB_PHOS,7,NFKBP65_PHOS,7,NFKBP65_PHOS,8,TSC2_PHOS,6,ESR1_PHOS,7,MYO1A_PHOS,5,MYO1A_PHOS,5,AKT1S1_PHOS,4,JUN_PHOS,6,STAT3_PHOS,1,ACC_PHOS,7,YAP1_PHOS,7,STAT3_PHOS,6,STAT3_PHOS,5,ERBB2_PHOS,5,STAT3_PHOS,5,STAT3_PHOS,6,MAPK8_PHOS,6,BRAF_PHOS,7,ERBB2_PHOS,7,STAT3_PHOS,4,PRKCA_PHOS,7,YAP1_PHOS,5,BRAF_PHOS,7,BAD_PHOS,8,PRKCA_PHOS,6,MYO1A_PHOS,5,BRAF_PHOS,7,MYO1A_PHOS,4,PRKCA_PHOS,5,MYO1A_PHOS,7,BRAF_PHOS,7,BAD_PHOS,8,BRAF_PHOS,5,BRAF_PHOS,5,ACC_PHOS,6,YAP1_PHOS,3,BRAF_PHOS,7,SRC_PHOS,5,RB_PHOS,5,BCATENIN_PHOS,5,BRAF_PHOS,6,EIF4EBP1_PHOS,8,RB_PHOS,7,BCATENIN_PHOS,5,MTOR_PHOS,5,RB_PHOS,6,RB_PHOS,5,RB_PHOS,7,MTOR_PHOS,8,ERBB3_PHOS,6,MAPK_PHOS,5,RB_PHOS,4,ERBB2_PHOS,6,RB_PHOS,6
2,PRKCA_PHOS,5,PDPK1_PHOS,5,ERALPHA_PHOS,6,BAD_PHOS,6,GYS1_PHOS,5,ERALPHA_PHOS,6,PKCPANBETAII_PHOS,6,ESR1_PHOS,8,ERBB2_PHOS,7,PRKCA_PHOS,6,PRKCA_PHOS,6,JUN_PHOS,5,BRAF_PHOS,4,JUN_PHOS,8,MAPK_PHOS,6,EIF4EBP1_PHOS,5,STK11_PHOS,3,ESR1_PHOS,4,ACC_PHOS,3,YAP1_PHOS,6,BCATENIN_PHOS,4,P27_PHOS,5,PRKCA_PHOS,8,RB_PHOS,7,RPS6KB1_PHOS,5,RB1_PHOS,4,BRAF_PHOS,5,RAF1_PHOS,6,AKT1_PHOS,5,BRAF_PHOS,7,RICTOR_PHOS,6,AKT1_PHOS,5,PLCG2_PHOS,3,CHEK1_PHOS,5,MTOR_PHOS,3,NFKBP65_PHOS,5,GYS1_PHOS,4,S6_PHOS,6,PTPN11_PHOS,3,BRAF_PHOS,6,RICTOR_PHOS,7,MAP2K1_PHOS,8,RB1_PHOS,3,PLCG2_PHOS,3,PRKCA_PHOS,5,PRKCA_PHOS,6,YAP1_PHOS,6,ESR1_PHOS,5,ERBB2_PHOS,2,PDPK1_PHOS,4,IGF1R_PHOS,4,MYO1A_PHOS,7,GSK3_PHOS,8,FOXO3_PHOS,3,NFKBP65_PHOS,7,HSPB1_PHOS,4,MTOR_PHOS,6,AKT1_PHOS,5,GSK3_PHOS,6,S6_PHOS,6,NFKBP65_PHOS,8,GSK3ALPHABETA_PHOS,6,EPHA2_PHOS,4,AKT1S1_PHOS,6,EGFR_PHOS,6,ERALPHA_PHOS,6,MAPK_PHOS,7,EIF4EBP1_PHOS,5,RICTOR_PHOS,4,ERALPHA_PHOS,5,STAT3_PHOS,7,BAD_PHOS,7,BCATENIN_PHOS,6,BRAF_PHOS,4,BRAF_PHOS,6,S6_PHOS,7,BRAF_PHOS,6,ACC_PHOS,6,AMPK_PHOS,4,ERBB2_PHOS,6,GSK3ALPHABETA_PHOS,6,GSK3ALPHABETA_PHOS,6,MAPK8_PHOS,5,NFKBP65_PHOS,7,JUN_PHOS,8,ERBB2_PHOS,4,ERALPHA_PHOS,5,RICTOR_PHOS,2,RICTOR_PHOS,3,ESR1_PHOS,5,ERALPHA_PHOS,6,RB_PHOS,6,GSK3_PHOS,5,ACC_PHOS,3,YBX1_PHOS,4,SRC_PHOS,8,BAD_PHOS,4,YBX1_PHOS,7,MET_PHOS,6,AKT1_PHOS,6,PRKCA_PHOS,7,ESR1_PHOS,5,PRKCA_PHOS,6,ERBB2_PHOS,7,MTOR_PHOS,3,EIF4EBP1_PHOS,6,MAPK_PHOS,6,MAPK_PHOS,6,RB_PHOS,4,BRAF_PHOS,6,ARAF_PHOS,4,ATR_PHOS,6,TSC2_PHOS,6,RAF1_PHOS,5,MTOR_PHOS,6,PRKCA_PHOS,8,IGF1R_PHOS,6,RPS6KB1_PHOS,7,MAP2K1_PHOS,7,ESR1_PHOS,5,RB_PHOS,5,RAF1_PHOS,6,ERBB3_PHOS,6,AKT1S1_PHOS,4,P27_PHOS,5,PDPK1_PHOS,7,RB_PHOS,5,PLK1_PHOS,1,ACC_PHOS,6,ACC_PHOS,6,ACC_PHOS,4,PRKCA_PHOS,6,EPHA2_PHOS,4,P27_PHOS,4,ESR1_PHOS,6,BAD_PHOS,5,MAPK_PHOS,6,RAF1_PHOS,7,CHEK2_PHOS,5,MTOR_PHOS,6,RAF1_PHOS,6,CHEK2_PHOS,5,ELK1_PHOS,3,STAT3_PHOS,5,MAPK_PHOS,7,ERALPHA_PHOS,3,BAD_PHOS,6,EIF4EBP1_PHOS,5,FOXO3_PHOS,6,PTK2_PHOS,6,EPHA2_PHOS,5,YAP1_PHOS,5,ERBB2_PHOS,6,YBX1_PHOS,5,ACC_PHOS,5,BAD_PHOS,6,RB_PHOS,5,GSK3_PHOS,6,BRAF_PHOS,7,PTK2_PHOS,5,YAP1_PHOS,4,RB_PHOS,5,GSK3_PHOS,6,MTOR_PHOS,7,MTOR_PHOS,8,FOXO3_PHOS,7,AKT1_PHOS,5,MAP2K1_PHOS,6,AKT1S1_PHOS,5,ERBB2_PHOS,6,ESR1_PHOS,5,BLNK_PHOS,3,MAP2K1_PHOS,7,PLCG2_PHOS,3,BAD_PHOS,3,FOXO3_PHOS,6,ERALPHA_PHOS,7,GSK3ALPHABETA_PHOS,5,MTOR_PHOS,5,YAP1_PHOS,7,MTOR_PHOS,6,NDRG1_PHOS,5,ERBB2_PHOS,5,MAPK_PHOS,7,ACC_PHOS,7,ACC_PHOS,7,P27_PHOS,5,P27_PHOS,5,TSC2_PHOS,8,STAT3_PHOS,4,BRAF_PHOS,7,TSC2_PHOS,7,ERBB2_PHOS,6,MYO1A_PHOS,6,ERBB2_PHOS,7,ATR_PHOS,5,BRAF_PHOS,6,BAD_PHOS,7,YAP1_PHOS,5,ACC_PHOS,5,PRKCA_PHOS,7,YAP1_PHOS,6,STAT3_PHOS,4,PRKCA_PHOS,7,EPHA2_PHOS,4,SRC_PHOS,5,ACC_PHOS,6,BAD_PHOS,6,BCATENIN_PHOS,2,BRAF_PHOS,6,P27_PHOS,5,SRC_PHOS,6,ACC_PHOS,4,BRAF_PHOS,3,BAD_PHOS,8,FOXO3_PHOS,8,PRKCA_PHOS,7,SRC_PHOS,7,BCATENIN_PHOS,4,TSC2_PHOS,5,YAP1_PHOS,4,ACC_PHOS,6,SRC_PHOS,7,BCATENIN_PHOS,3,NFKBP65_PHOS,7
3,FOXO3_PHOS,5,SRC_PHOS,3,BCATENIN_PHOS,5,CHEK2_PHOS,6,EIF4EBP1_PHOS,3,AKT1_PHOS,6,RAF1_PHOS,6,BAD_PHOS,8,ESR1_PHOS,5,GYS1_PHOS,4,STAT5_PHOS,3,RPS6KB1_PHOS,6,TSC2_PHOS,7,GSK3ALPHABETA_PHOS,5,ESR1_PHOS,5,RPS6KB1_PHOS,8,YAP1_PHOS,5,SRC_PHOS,7,MYO1A_PHOS,5,ERALPHA_PHOS,6,NFKBP65_PHOS,7,FOXO3_PHOS,8,ERBB3_PHOS,5,P27_PHOS,5,S6_PHOS,5,PRKCA_PHOS,7,NFKBP65_PHOS,7,ERBB2_PHOS,5,MAPK_PHOS,5,YBX1_PHOS,6,ESR1_PHOS,7,ERALPHA_PHOS,7,ERBB3_PHOS,7,MAPK_PHOS,6,MAPK14_PHOS,4,BRAF_PHOS,6,JUN_PHOS,4,CHEK2_PHOS,5,RB1_PHOS,3,ESR1_PHOS,6,ESR1_PHOS,7,EPHA2_PHOS,3,PRKCA_PHOS,7,BAD_PHOS,6,MTOR_PHOS,8,JUN_PHOS,5,JUN_PHOS,4,MTOR_PHOS,3,CHEK1_PHOS,5,AMPK_PHOS,6,MYO1A_PHOS,5,PKCPANBETAII_PHOS,5,RB_PHOS,5,PKCPANBETAII_PHOS,4,AKT1S1_PHOS,7,S6_PHOS,5,IGF1R_PHOS,5,P27_PHOS,5,BRAF_PHOS,6,MTOR_PHOS,5,IGF1R_PHOS,6,MAPK_PHOS,5,BAD_PHOS,7,ERALPHA_PHOS,6,MYO1A_PHOS,7,AKT1_PHOS,5,RB_PHOS,4,EZR_PHOS,3,FOXO3_PHOS,6,RB1_PHOS,4,MAPK_PHOS,7,ESR1_PHOS,5,IGF1R_PHOS,5,S6_PHOS,5,S6_PHOS,8,ARAF_PHOS,4,GSK3ALPHABETA_PHOS,6,GSK3ALPHABETA_PHOS,7,S6_PHOS,6,ELK1_PHOS,4,RB_PHOS,6,MAPK_PHOS,5,SRC_PHOS,5,PTK2_PHOS,3,NFKBP65_PHOS,6,NDRG1_PHOS,5,BRAF_PHOS,6,ESR1_PHOS,5,MTOR_PHOS,3,PRKCA_PHOS,6,EIF4EBP1_PHOS,8,ESR1_PHOS,6,ERALPHA_PHOS,6,BRAF_PHOS,5,PRKCA_PHOS,7,PRKCA_PHOS,7,MYO1A_PHOS,6,ESR1_PHOS,7,AKT1S1_PHOS,4,EIF4EBP1_PHOS,7,BAD_PHOS,7,BAD_PHOS,5,ESR1_PHOS,5,BAD_PHOS,6,SRC_PHOS,4,MYO1A_PHOS,5,S6_PHOS,5,MET_PHOS,6,S6_PHOS,6,PKCPANBETAII_PHOS,5,P27_PHOS,6,ERBB3_PHOS,3,MAP2K1_PHOS,7,PRKCA_PHOS,6,S6_PHOS,7,ERALPHA_PHOS,5,ERBB3_PHOS,8,BAD_PHOS,8,CHEK1_PHOS,4,YBX1_PHOS,6,IGF1R_PHOS,5,MYO1A_PHOS,4,RB_PHOS,6,PDPK1_PHOS,8,NFKBP65_PHOS,8,ERBB3_PHOS,5,PRKCA_PHOS,5,ACC_PHOS,6,SRC_PHOS,5,SRC_PHOS,4,ERALPHA_PHOS,5,S6_PHOS,5,AMPK_PHOS,6,MET_PHOS,4,ATR_PHOS,5,NFKBP65_PHOS,6,PRKCA_PHOS,8,BAD_PHOS,4,SHC1_PHOS,2,RICTOR_PHOS,5,RICTOR_PHOS,5,MAPK14_PHOS,6,P27_PHOS,7,CHEK2_PHOS,5,PRKCA_PHOS,7,PEA15_PHOS,5,MYO1A_PHOS,5,PRKCA_PHOS,7,EPHA2_PHOS,4,S6_PHOS,6,MYO1A_PHOS,7,BAD_PHOS,4,PLCG2_PHOS,3,GSK3_PHOS,6,NDRG1_PHOS,6,ESR1_PHOS,6,AMPK_PHOS,6,PRKCA_PHOS,5,GSK3ALPHABETA_PHOS,6,PLCG2_PHOS,3,RB_PHOS,6,BCATENIN_PHOS,5,S6_PHOS,4,ACC_PHOS,5,STAT3_PHOS,7,ESR1_PHOS,6,STAT3_PHOS,7,NFKBP65_PHOS,4,JUN_PHOS,5,ACC_PHOS,6,MTOR_PHOS,5,TSC2_PHOS,4,RPS6KA1_PHOS,5,PRKCA_PHOS,6,AKT1_PHOS,4,ACC_PHOS,6,JUN_PHOS,5,AKT1_PHOS,5,CHEK2_PHOS,6,JUN_PHOS,6,MAP2K1_PHOS,6,YBX1_PHOS,4,ACC_PHOS,5,RPS6KB1_PHOS,4,ERBB3_PHOS,7,ERBB2_PHOS,5,MAPK8_PHOS,5,RPS6KB1_PHOS,6,STAT3_PHOS,7,P27_PHOS,6,PRKCA_PHOS,6,JUN_PHOS,6,ATR_PHOS,5,BAD_PHOS,7,BRAF_PHOS,4,ACC_PHOS,8,YAP1_PHOS,6,MYO1A_PHOS,5,BRAF_PHOS,6,YAP1_PHOS,6,ACC_PHOS,6,MYO1A_PHOS,6,BRAF_PHOS,5,BCATENIN_PHOS,3,MYO1A_PHOS,5,MYO1A_PHOS,5,BAD_PHOS,6,CHEK1_PHOS,8,RB_PHOS,5,PRKCA_PHOS,6,SRC_PHOS,4,EIF4EBP1_PHOS,5,EPHA2_PHOS,4,ACC_PHOS,6,NFKBP65_PHOS,6,EIF4EBP1_PHOS,4,SRC_PHOS,6,MYO1A_PHOS,4,MTOR_PHOS,7,MYO1A_PHOS,6,ERALPHA_PHOS,5,BAD_PHOS,7,PRKCA_PHOS,7,NFKBP65_PHOS,4,SRC_PHOS,7
4,MAPK_PHOS,5,S6_PHOS,4,ESR1_PHOS,3,ERBB3_PHOS,5,ATM_PHOS,3,SRC_PHOS,5,MAP2K1_PHOS,6,AKT1_PHOS,5,BCATENIN_PHOS,5,P27_PHOS,4,MAPK_PHOS,7,MAPK_PHOS,5,MET_PHOS,6,FOXO3_PHOS,5,MAP2K1_PHOS,4,PRKCA_PHOS,8,AKT1_PHOS,4,BCATENIN_PHOS,3,ESR1_PHOS,7,RB_PHOS,3,S6_PHOS,4,SRC_PHOS,6,ESR1_PHOS,7,MAPK14_PHOS,5,SHC1_PHOS,8,BCATENIN_PHOS,5,RB_PHOS,4,S6_PHOS,5,EIF4EBP1_PHOS,5,AKT1_PHOS,7,BRAF_PHOS,6,STAT3_PHOS,6,EZR_PHOS,2,SRC_PHOS,6,MDM2_PHOS,4,YAP1_PHOS,6,PDPK1_PHOS,5,ESR1_PHOS,4,ACC_PHOS,6,CHEK2_PHOS,4,EIF4EBP1_PHOS,6,MET_PHOS,4,BAD_PHOS,5,ESR1_PHOS,7,MAPK14_PHOS,6,ERALPHA_PHOS,3,STAT3_PHOS,7,ERBB2_PHOS,4,NFKBP65_PHOS,7,EIF4EBP1_PHOS,7,YBX1_PHOS,2,RB_PHOS,6,MAPK_PHOS,5,AKT1_PHOS,6,SRC_PHOS,4,ARAF_PHOS,4,NFKBP65_PHOS,6,MAPK14_PHOS,4,PKCPANBETAII_PHOS,3,YAP1_PHOS,3,EIF4EBP1_PHOS,5,JUN_PHOS,6,PTPN11_PHOS,4,PRKCA_PHOS,4,ERALPHA_PHOS,6,BAD_PHOS,6,SRC_PHOS,7,ERBB3_PHOS,4,ERBB2_PHOS,6,MAPK_PHOS,7,BRAF_PHOS,5,BRAF_PHOS,6,EPHA2_PHOS,4,STAT3_PHOS,6,ERBB2_PHOS,5,STAT3_PHOS,5,YBX1_PHOS,5,P27_PHOS,5,SRC_PHOS,7,EIF4EBP1_PHOS,6,YAP1_PHOS,5,AKT1S1_PHOS,5,RAF1_PHOS,5,SRC_PHOS,7,ACC_PHOS,5,RB1_PHOS,5,BCATENIN_PHOS,4,RPS6KB1_PHOS,5,RPS6KB1_PHOS,5,RICTOR_PHOS,1,STAT3_PHOS,8,RB1_PHOS,4,AKT1_PHOS,5,BCATENIN_PHOS,3,BRAF_PHOS,4,STAT3_PHOS,8,ATR_PHOS,4,RPS6KB1_PHOS,5,NFKBP65_PHOS,8,ERBB3_PHOS,3,MAPK14_PHOS,6,RAF1_PHOS,6,RICTOR_PHOS,2,BCATENIN_PHOS,3,RICTOR_PHOS,3,ESR1_PHOS,6,MYO1A_PHOS,7,EIF4EBP1_PHOS,5,PRKCA_PHOS,7,MAPK14_PHOS,7,GSK3ALPHABETA_PHOS,5,PRKCA_PHOS,6,MAPK_PHOS,7,TSC2_PHOS,3,SRC_PHOS,6,PDPK1_PHOS,7,AKT1S1_PHOS,7,MAPK_PHOS,4,EZR_PHOS,3,RB_PHOS,4,ARAF_PHOS,2,GSK3ALPHABETA_PHOS,6,ERBB2_PHOS,5,STAT3_PHOS,4,ESR1_PHOS,7,YBX1_PHOS,6,AKT1_PHOS,1,ERBB3_PHOS,5,NDRG1_PHOS,4,NDRG1_PHOS,5,NDRG1_PHOS,6,ATR_PHOS,4,MTOR_PHOS,2,NDRG1_PHOS,4,BAD_PHOS,5,RB1_PHOS,5,RICTOR_PHOS,5,ERBB2_PHOS,3,STAT3_PHOS,7,ERBB3_PHOS,6,STAT3_PHOS,5,RAF1_PHOS,4,PLCG2_PHOS,3,MAPK14_PHOS,6,TSC2_PHOS,6,BRAF_PHOS,7,PEA15_PHOS,5,MTOR_PHOS,4,SRC_PHOS,8,MTOR_PHOS,6,RB_PHOS,6,S6_PHOS,4,ERALPHA_PHOS,5,ERBB3_PHOS,4,MYO1A_PHOS,8,AKT1_PHOS,3,BAD_PHOS,7,STAT3_PHOS,7,MTOR_PHOS,5,STAT3_PHOS,6,BAD_PHOS,2,JUN_PHOS,5,ACC_PHOS,7,SRC_PHOS,5,TSC2_PHOS,8,ACC_PHOS,6,EPHA2_PHOS,5,PLCG2_PHOS,3,NFKBP65_PHOS,7,NDRG1_PHOS,6,IGF1R_PHOS,2,PKCPANBETAII_PHOS,6,RB_PHOS,6,EPHA2_PHOS,4,JUN_PHOS,6,BAD_PHOS,5,SHC1_PHOS,7,SRC_PHOS,7,MYO1A_PHOS,4,SRC_PHOS,5,ERBB2_PHOS,5,CHEK1_PHOS,6,RB_PHOS,5,MAPK8_PHOS,4,STAT3_PHOS,4,ATR_PHOS,5,MTOR_PHOS,5,MET_PHOS,5,EPHA2_PHOS,4,EPHA2_PHOS,4,BAD_PHOS,5,BRAF_PHOS,7,EPHA2_PHOS,4,ERBB2_PHOS,5,STAT3_PHOS,6,BAD_PHOS,4,ACC_PHOS,8,ACC_PHOS,5,ERALPHA_PHOS,5,BRAF_PHOS,8,BRAF_PHOS,7,ACC_PHOS,5,ESR1_PHOS,5,MAPK_PHOS,7,TSC2_PHOS,5,PRKCA_PHOS,3,MYO1A_PHOS,5,MAP2K1_PHOS,7,BRAF_PHOS,6,SRC_PHOS,5,BRAF_PHOS,7,MYO1A_PHOS,5,RB_PHOS,7,BAD_PHOS,6,STAT3_PHOS,6,ERBB3_PHOS,5,MAPK_PHOS,7,PRKCA_PHOS,7,SRC_PHOS,7,BAD_PHOS,5,BAD_PHOS,5,RB_PHOS,6,NFKBP65_PHOS,7,NDRG1_PHOS,5,PRKCA_PHOS,7
5,S6_PHOS,4,ESR1_PHOS,6,EIF4EBP1_PHOS,6,BRAF_PHOS,6,ESR1_PHOS,7,BAD_PHOS,6,GSK3ALPHABETA_PHOS,4,ERBB2_PHOS,5,PLCG2_PHOS,2,EIF4EBP1_PHOS,4,JUN_PHOS,5,RB_PHOS,7,EIF4EBP1_PHOS,6,BRAF_PHOS,6,MTOR_PHOS,3,PDPK1_PHOS,7,CHEK1_PHOS,7,ERBB3_PHOS,4,RB1_PHOS,3,MTOR_PHOS,5,PDPK1_PHOS,6,GSK3_PHOS,5,YAP1_PHOS,6,RB1_PHOS,3,AKT1_PHOS,5,MAPK8_PHOS,6,AKT1S1_PHOS,3,NFKBP65_PHOS,7,BRAF_PHOS,7,PRKCA_PHOS,5,EIF4EBP1_PHOS,6,GSK3ALPHABETA_PHOS,4,BCATENIN_PHOS,5,BAD_PHOS,5,ACC_PHOS,3,SRC_PHOS,7,MYO1A_PHOS,5,EIF4EBP1_PHOS,5,RB_PHOS,7,ACC_PHOS,8,MAP2K1_PHOS,6,CHEK2_PHOS,2,MAPK_PHOS,4,MYO1A_PHOS,4,SRC_PHOS,7,BAD_PHOS,6,AKT1S1_PHOS,5,PRKCA_PHOS,5,AKT1_PHOS,6,ERBB2_PHOS,6,AKT1S1_PHOS,5,ACC_PHOS,5,AMPK_PHOS,6,MAP2K1_PHOS,4,RB_PHOS,8,P27_PHOS,4,ATR_PHOS,3,PRKCA_PHOS,5,RPS6KB1_PHOS,4,IGF1R_PHOS,4,BRAF_PHOS,6,S6_PHOS,5,RB_PHOS,6,MET_PHOS,6,ESR1_PHOS,6,MAPK_PHOS,5,STAT3_PHOS,7,MTOR_PHOS,4,PLCG1_PHOS,3,ACC_PHOS,7,ACC_PHOS,6,EPHA2_PHOS,4,BRAF_PHOS,5,ERBB2_PHOS,5,BAD_PHOS,6,ERALPHA_PHOS,6,ERBB2_PHOS,6,AMPK_PHOS,7,BCATENIN_PHOS,4,S6_PHOS,6,BRAF_PHOS,7,MAP2K1_PHOS,8,JUN_PHOS,7,YBX1_PHOS,3,PTPN11_PHOS,5,ESR1_PHOS,5,YAP1_PHOS,3,MAPK8_PHOS,4,PRKCA_PHOS,6,MTOR_PHOS,5,MET_PHOS,6,ERBB2_PHOS,4,NDRG1_PHOS,5,PRKCA_PHOS,6,MDM2_PHOS,5,RB_PHOS,7,CHEK2_PHOS,5,ERBB3_PHOS,4,ESR1_PHOS,5,ERBB2_PHOS,5,AKT1_PHOS,2,PRKCA_PHOS,5,ACC_PHOS,4,SRC_PHOS,5,MET_PHOS,4,ACC_PHOS,8,PRKCA_PHOS,8,ACC_PHOS,4,PDPK1_PHOS,3,PRKCA_PHOS,4,PKCPANBETAII_PHOS,5,BRAF_PHOS,6,ERALPHA_PHOS,7,PDPK1_PHOS,3,ERALPHA_PHOS,7,RICTOR_PHOS,6,ACC_PHOS,6,AKT1S1_PHOS,4,BRAF_PHOS,7,AKT1_PHOS,5,ESR1_PHOS,7,PRKCA_PHOS,7,ARAF_PHOS,4,BAD_PHOS,6,ACC_PHOS,6,ACC_PHOS,4,MAPK_PHOS,8,AMPK_PHOS,5,ERALPHA_PHOS,4,BRAF_PHOS,7,PRKCA_PHOS,7,SRC_PHOS,6,MET_PHOS,6,PEA15_PHOS,3,BRAF_PHOS,7,YBX1_PHOS,3,SHC1_PHOS,6,ACC_PHOS,6,BRAF_PHOS,6,MAPK_PHOS,7,MAPK14_PHOS,5,BRAF_PHOS,4,RAF1_PHOS,8,NFKBP65_PHOS,7,NFKBP65_PHOS,5,CHEK2_PHOS,5,ERBB2_PHOS,5,JUN_PHOS,6,BCATENIN_PHOS,6,SRC_PHOS,6,YBX1_PHOS,4,ERALPHA_PHOS,6,PDPK1_PHOS,5,GSK3ALPHABETA_PHOS,7,ERBB2_PHOS,5,EPHA2_PHOS,6,STAT3_PHOS,8,RB1_PHOS,5,S6_PHOS,6,ACC_PHOS,4,AKT1_PHOS,4,EIF4EBP1_PHOS,5,AKT1_PHOS,3,PKCPANBETAII_PHOS,6,S6_PHOS,8,STAT3_PHOS,7,ESR1_PHOS,5,TSC2_PHOS,4,MAPK8_PHOS,8,AKT1_PHOS,4,MYO1A_PHOS,3,YAP1_PHOS,3,ERBB3_PHOS,6,STAT3_PHOS,5,RB_PHOS,3,P27_PHOS,4,PDPK1_PHOS,7,STAT3_PHOS,6,ACC_PHOS,5,P27_PHOS,3,MET_PHOS,6,STAT3_PHOS,6,BRAF_PHOS,6,TSC2_PHOS,6,BRAF_PHOS,6,RB_PHOS,5,ERBB2_PHOS,7,BRAF_PHOS,5,ERBB3_PHOS,6,ACC_PHOS,5,MYO1A_PHOS,5,SRC_PHOS,5,BRAF_PHOS,6,ACC_PHOS,7,ERALPHA_PHOS,6,MYO1A_PHOS,4,BAD_PHOS,7,PRKCA_PHOS,7,PRKCA_PHOS,7,MYO1A_PHOS,5,YAP1_PHOS,5,CHEK2_PHOS,7,NFKBP65_PHOS,5,ERALPHA_PHOS,4,PRKCA_PHOS,5,BCATENIN_PHOS,3,EIF4EBP1_PHOS,6,ACC_PHOS,5,MAPK_PHOS,7,MAPK_PHOS,5,STAT3_PHOS,4,TSC2_PHOS,5,PDPK1_PHOS,2,SRC_PHOS,8,SRC_PHOS,6,MAP2K1_PHOS,5,BCATENIN_PHOS,3,NFKBP65_PHOS,7,PRKCA_PHOS,7,SRC_PHOS,6,RPS6KB1_PHOS,4,ESR1_PHOS,5,JUN_PHOS,6,RB_PHOS,3,MTOR_PHOS,7
6,GSK3_PHOS,4,ERBB2_PHOS,2,MAPK_PHOS,3,GYS1_PHOS,3,SHC1_PHOS,3,EPHA2_PHOS,1,NDRG1_PHOS,5,MTOR_PHOS,3,RB_PHOS,6,MAPK_PHOS,7,ERBB3_PHOS,6,BRAF_PHOS,6,YAP1_PHOS,7,MAPK8_PHOS,5,FOXO3_PHOS,4,ERALPHA_PHOS,6,EPHA2_PHOS,4,BAD_PHOS,6,FOXO3_PHOS,5,STAT3_PHOS,7,ESR1_PHOS,6,PRKCA_PHOS,8,SRC_PHOS,6,BCATENIN_PHOS,4,MAPK_PHOS,4,NFKBP65_PHOS,7,S6_PHOS,5,ESR1_PHOS,5,CHEK2_PHOS,4,S6_PHOS,7,ACC_PHOS,6,P27_PHOS,4,GSK3_PHOS,5,ERBB2_PHOS,4,MAPK8_PHOS,5,EIF4EBP1_PHOS,7,TSC2_PHOS,5,RB_PHOS,5,MYO1A_PHOS,4,MTOR_PHOS,5,RB_PHOS,5,MAPK14_PHOS,6,NDRG1_PHOS,6,AKT1_PHOS,6,ACC_PHOS,6,ERBB2_PHOS,4,BRAF_PHOS,5,MET_PHOS,5,BRAF_PHOS,5,MAP2K1_PHOS,6,PKCPANBETAII_PHOS,5,P27_PHOS,5,PRKCA_PHOS,5,SRC_PHOS,7,STAT3_PHOS,5,RB_PHOS,8,STAT3_PHOS,6,NDRG1_PHOS,7,ACC_PHOS,5,BRAF_PHOS,3,MAPK14_PHOS,6,SRC_PHOS,5,S6_PHOS,6,GSK3ALPHABETA_PHOS,4,ACC_PHOS,5,ACC_PHOS,4,MTOR_PHOS,6,BRAF_PHOS,6,EPHA2_PHOS,5,BRAF_PHOS,5,ERBB2_PHOS,3,ERALPHA_PHOS,4,BAD_PHOS,6,EIF2A_PHOS,1,ESR1_PHOS,5,BRAF_PHOS,5,BAD_PHOS,8,ERALPHA_PHOS,3,FOXO3_PHOS,4,ESR1_PHOS,5,PDPK1_PHOS,5,PDPK1_PHOS,7,AKT1S1_PHOS,5,MAPK14_PHOS,4,MAPK_PHOS,5,BAD_PHOS,5,MAPK_PHOS,5,PTK2_PHOS,4,ESR1_PHOS,5,ACC_PHOS,4,MYO1A_PHOS,6,ATR_PHOS,4,ARAF_PHOS,0,ERBB2_PHOS,4,JUN_PHOS,4,MYO1A_PHOS,4,MAPK_PHOS,6,RPS6KA1_PHOS,5,BRAF_PHOS,7,YAP1_PHOS,4,STAT3_PHOS,3,S6_PHOS,6,ERBB2_PHOS,6,AMPK_PHOS,6,PRKCA_PHOS,5,GSK3_PHOS,4,ESR1_PHOS,4,AKT1_PHOS,4,ACC_PHOS,3,ARAF_PHOS,6,ERALPHA_PHOS,8,BLNK_PHOS,3,RAF1_PHOS,5,BAD_PHOS,4,MYO1A_PHOS,6,GSK3ALPHABETA_PHOS,5,RB_PHOS,5,MTOR_PHOS,6,EIF4EBP1_PHOS,5,PRKCA_PHOS,6,PRKCA_PHOS,7,AKT1S1_PHOS,4,SHC1_PHOS,5,IGF1R_PHOS,6,ERBB2_PHOS,5,ATR_PHOS,3,ERBB3_PHOS,6,ATR_PHOS,5,SHC1_PHOS,6,YAP1_PHOS,7,YAP1_PHOS,5,PKCPANBETAII_PHOS,4,SRC_PHOS,6,TSC2_PHOS,6,EPHA2_PHOS,4,MAPK14_PHOS,7,PDPK1_PHOS,6,CHEK2_PHOS,5,ERBB2_PHOS,1,SRC_PHOS,4,PRKCA_PHOS,5,STAT3_PHOS,5,PDPK1_PHOS,6,MET_PHOS,6,RB_PHOS,5,PRKCA_PHOS,7,RAF1_PHOS,5,RPS6KB1_PHOS,7,RB1_PHOS,5,MAPK_PHOS,4,RAF1_PHOS,6,YBX1_PHOS,4,MAP2K1_PHOS,6,PDPK1_PHOS,4,FOXO3_PHOS,6,ACC_PHOS,4,PDPK1_PHOS,4,BCATENIN_PHOS,4,TSC2_PHOS,6,MTOR_PHOS,6,ACC_PHOS,6,ACC_PHOS,7,JUN_PHOS,5,JUN_PHOS,5,ERBB3_PHOS,3,SRC_PHOS,3,ACC_PHOS,4,PDPK1_PHOS,3,AMPK_PHOS,4,TSC2_PHOS,4,SRC_PHOS,7,GSK3_PHOS,6,ACC_PHOS,8,ERBB2_PHOS,4,BCATENIN_PHOS,1,SRC_PHOS,6,NFKBP65_PHOS,6,PRKCA_PHOS,6,PRKCA_PHOS,5,PKCPANBETAII_PHOS,6,P27_PHOS,3,ACC_PHOS,6,BAD_PHOS,6,ERBB2_PHOS,7,ATR_PHOS,4,ERBB3_PHOS,4,BAD_PHOS,6,ERBB3_PHOS,5,PRKCA_PHOS,6,MTOR_PHOS,5,TSC2_PHOS,7,ACC_PHOS,8,ACC_PHOS,6,PRKCA_PHOS,7,PRKCA_PHOS,6,YAP1_PHOS,6,EPHA2_PHOS,5,CHEK2_PHOS,4,MAP2K1_PHOS,8,ERBB2_PHOS,3,EIF4EBP1_PHOS,5,ERALPHA_PHOS,5,ACC_PHOS,7,SRC_PHOS,6,IGF1R_PHOS,3,BRAF_PHOS,6,GSK3_PHOS,6,MAPK_PHOS,6,FOXO3_PHOS,6,MYO1A_PHOS,4,RB_PHOS,4,MTOR_PHOS,5,BAD_PHOS,4,AKT1_PHOS,4,ESR1_PHOS,6,PRKCA_PHOS,5,AKT1S1_PHOS,3,BCATENIN_PHOS,5,BAD_PHOS,6,ERALPHA_PHOS,2,EIF4EBP1_PHOS,8,GSK3_PHOS,5,BCATENIN_PHOS,5,S6_PHOS,7,BCATENIN_PHOS,2
7,BAD_PHOS,4,AMPK_PHOS,7,ACC_PHOS,7,TSC2_PHOS,7,ERBB3_PHOS,5,EIF4EBP1_PHOS,5,AKT1S1_PHOS,5,RAF1_PHOS,5,BRAF_PHOS,4,SHC1_PHOS,6,MAP2K1_PHOS,6,TSC2_PHOS,5,MYO1A_PHOS,6,MAP2K1_PHOS,5,ERBB3_PHOS,5,AKT1S1_PHOS,5,MAP2K1_PHOS,5,NFKBP65_PHOS,5,ERBB2_PHOS,5,ACC_PHOS,4,ERBB2_PHOS,4,PLCG2_PHOS,3,FOXO3_PHOS,8,NDRG1_PHOS,5,TSC2_PHOS,6,MTOR_PHOS,2,MAPK_PHOS,6,MAPK_PHOS,3,YAP1_PHOS,5,ESR1_PHOS,3,SHC1_PHOS,5,YAP1_PHOS,5,ATR_PHOS,3,MAP2K1_PHOS,5,CHEK2_PHOS,3,S6_PHOS,6,RB_PHOS,4,SRC_PHOS,6,MAPK8_PHOS,5,AKT1_PHOS,5,MAPK_PHOS,4,FOXO3_PHOS,6,BRAF_PHOS,6,P27_PHOS,5,STAT3_PHOS,4,ELK1_PHOS,4,P27_PHOS,4,S6_PHOS,6,ERALPHA_PHOS,4,NFKBP65_PHOS,6,RB_PHOS,6,NFKBP65_PHOS,5,GYS1_PHOS,3,STAT3_PHOS,5,GYS1_PHOS,4,PEA15_PHOS,8,FOXO3_PHOS,5,ATR_PHOS,4,YAP1_PHOS,5,PEA15_PHOS,5,YAP1_PHOS,5,ACC_PHOS,2,BCATENIN_PHOS,3,JUN_PHOS,5,RPS6KB1_PHOS,3,YAP1_PHOS,5,CHEK1_PHOS,5,RB1_PHOS,3,SRC_PHOS,6,ERBB2_PHOS,7,AMPK_PHOS,4,RPS6KB1_PHOS,3,ATR_PHOS,4,BAD_PHOS,6,PRKCA_PHOS,6,PTK2_PHOS,3,MAPK14_PHOS,3,CHEK1_PHOS,6,MAPK14_PHOS,2,ERBB3_PHOS,5,ERBB2_PHOS,5,S6_PHOS,8,AKT1_PHOS,6,AMPK_PHOS,6,MAP2K1_PHOS,5,BCATENIN_PHOS,2,MAPK14_PHOS,7,PRKCA_PHOS,7,NFKBP65_PHOS,3,ERBB2_PHOS,5,ERBB2_PHOS,6,BCATENIN_PHOS,3,RAF1_PHOS,7,ESR1_PHOS,6,STAT3_PHOS,2,ERBB2_PHOS,3,PEA15_PHOS,5,BAD_PHOS,5,GYS1_PHOS,6,RAF1_PHOS,6,JUN_PHOS,6,RB_PHOS,6,SRC_PHOS,4,MAP2K1_PHOS,5,CHEK1_PHOS,4,TSC2_PHOS,7,ERBB3_PHOS,2,CHEK1_PHOS,4,BRAF_PHOS,3,MAPK_PHOS,6,RB_PHOS,7,RPS6KB1_PHOS,5,NDRG1_PHOS,8,ERBB3_PHOS,4,ERBB2_PHOS,5,ACC_PHOS,7,PRKCA_PHOS,6,MAP2K1_PHOS,5,ESR1_PHOS,6,JUN_PHOS,2,YBX1_PHOS,6,BRAF_PHOS,6,PRKCA_PHOS,6,PKCPANBETAII_PHOS,4,AMPK_PHOS,4,MYO1A_PHOS,7,PKCPANBETAII_PHOS,5,FOXO3_PHOS,6,YAP1_PHOS,6,ERALPHA_PHOS,6,MTOR_PHOS,3,NDRG1_PHOS,5,BRAF_PHOS,5,MYO1A_PHOS,6,RB_PHOS,7,ESR1_PHOS,3,CHEK2_PHOS,6,S6_PHOS,5,S6_PHOS,3,AMPK_PHOS,8,ERBB3_PHOS,3,ERBB3_PHOS,5,YBX1_PHOS,3,PEA15_PHOS,6,MYO1A_PHOS,5,RICTOR_PHOS,4,MET_PHOS,5,BCATENIN_PHOS,5,MTOR_PHOS,7,MET_PHOS,4,PDPK1_PHOS,5,ERBB2_PHOS,3,ACC_PHOS,5,MYO1A_PHOS,8,GSK3ALPHABETA_PHOS,5,PRKCA_PHOS,6,GSK3_PHOS,7,EPHA2_PHOS,5,GYS1_PHOS,4,AKT1S1_PHOS,5,ERBB3_PHOS,4,PLCG2_PHOS,3,STAT3_PHOS,7,TSC2_PHOS,6,GYS1_PHOS,4,BAD_PHOS,3,SHC1_PHOS,5,JUN_PHOS,5,MET_PHOS,4,NFKBP65_PHOS,4,RPS6KA1_PHOS,3,IGF1R_PHOS,2,AKT1_PHOS,4,ESR1_PHOS,4,AMPK_PHOS,5,ATM_PHOS,3,MAPK14_PHOS,4,P27_PHOS,5,TSC2_PHOS,5,EPHA2_PHOS,6,PDPK1_PHOS,5,AKT1_PHOS,5,SHC1_PHOS,5,BAD_PHOS,6,MAPK8_PHOS,5,P27_PHOS,5,RPS6KB1_PHOS,6,ERALPHA_PHOS,4,ACC_PHOS,8,SRC_PHOS,5,ACC_PHOS,7,RPS6KB1_PHOS,7,BAD_PHOS,7,ATR_PHOS,5,MAP2K1_PHOS,6,ERBB3_PHOS,5,ERBB2_PHOS,6,ERALPHA_PHOS,5,STAT3_PHOS,3,BAD_PHOS,5,EPHA2_PHOS,5,RB_PHOS,6,ERBB3_PHOS,3,AKT1_PHOS,4,ACC_PHOS,4,RB_PHOS,5,ERALPHA_PHOS,5,NFKBP65_PHOS,5,NDRG1_PHOS,4,NDRG1_PHOS,4,PRKCA_PHOS,4,PRKCA_PHOS,4,MYO1A_PHOS,5,EIF4EBP1_PHOS,7,MAPK_PHOS,6,RB_PHOS,5,BRAF_PHOS,8,NDRG1_PHOS,2,MYO1A_PHOS,4,CHEK1_PHOS,4,EPHA2_PHOS,5,ERALPHA_PHOS,6,NDRG1_PHOS,4,CHEK1_PHOS,4,BAD_PHOS,4
8,SRC_PHOS,6,ATR_PHOS,5,TSC2_PHOS,4,MYO1A_PHOS,6,MYO1A_PHOS,4,PDPK1_PHOS,4,RB1_PHOS,2,TSC2_PHOS,4,ERALPHA_PHOS,7,AMPK_PHOS,4,EIF4EBP1_PHOS,3,BAD_PHOS,4,S6_PHOS,6,ERBB3_PHOS,6,EIF4EBP1_PHOS,5,ATR_PHOS,1,RB_PHOS,6,PKCPANBETAII_PHOS,5,EIF4EBP1_PHOS,6,ERBB3_PHOS,5,MTOR_PHOS,4,MAP2K1_PHOS,5,MYO1A_PHOS,4,AMPK_PHOS,4,JUN_PHOS,5,JUN_PHOS,4,SRC_PHOS,5,BAD_PHOS,3,RB_PHOS,4,BAD_PHOS,7,BAD_PHOS,6,AKT1S1_PHOS,5,NFKBP65_PHOS,5,ERALPHA_PHOS,6,MYO1A_PHOS,7,ESR1_PHOS,6,YAP1_PHOS,3,MAPK14_PHOS,4,BRAF_PHOS,7,EIF2A_PHOS,2,SHC1_PHOS,4,SRC_PHOS,7,STAT3_PHOS,2,EZR_PHOS,2,ERALPHA_PHOS,6,SGK1_PHOS,2,MAP2K1_PHOS,8,CHEK1_PHOS,8,FOXO3_PHOS,5,ACC_PHOS,7,YAP1_PHOS,4,RICTOR_PHOS,5,MET_PHOS,4,MTOR_PHOS,6,PDPK1_PHOS,5,MAPK_PHOS,8,BAD_PHOS,5,AMPK_PHOS,3,BAD_PHOS,4,RB_PHOS,7,MDM2_PHOS,4,ERALPHA_PHOS,4,EIF2A_PHOS,3,ERBB3_PHOS,2,RB_PHOS,7,RAF1_PHOS,1,AKT1S1_PHOS,4,BETACATENIN_PHOS,3,P27_PHOS,4,STAT3_PHOS,5,CHEK1_PHOS,2,RICTOR_PHOS,1,ESR1_PHOS,4,YBX1_PHOS,6,JUN_PHOS,7,AKT1_PHOS,6,S6_PHOS,4,BRAF_PHOS,4,TSC2_PHOS,5,BRAF_PHOS,3,ERBB3_PHOS,7,CFL1_PHOS,0,BAD_PHOS,5,ESR1_PHOS,2,PDPK1_PHOS,4,RB_PHOS,4,YBX1_PHOS,6,MTOR_PHOS,2,S6_PHOS,2,EPHA2_PHOS,6,YBX1_PHOS,4,MTOR_PHOS,2,NFKBP65_PHOS,7,RB1_PHOS,5,MAP2K1_PHOS,6,ESR1_PHOS,6,PRKCA_PHOS,7,S6_PHOS,7,MAPK14_PHOS,7,FOXO3_PHOS,6,GSK3_PHOS,4,ERBB3_PHOS,5,CHEK1_PHOS,8,RAF1_PHOS,5,MAPK8_PHOS,4,STAT3_PHOS,5,PDPK1_PHOS,6,RB_PHOS,6,MTOR_PHOS,4,ERALPHA_PHOS,6,MAPK14_PHOS,4,PKCPANBETAII_PHOS,5,SRC_PHOS,5,JUN_PHOS,7,RB_PHOS,6,NFKBP65_PHOS,5,RAF1_PHOS,4,GSK3ALPHABETA_PHOS,7,AMPK_PHOS,4,MTOR_PHOS,4,ERBB2_PHOS,4,NFKBP65_PHOS,2,WWTR1_PHOS,1,BCATENIN_PHOS,5,MAPK_PHOS,7,PKCPANBETAII_PHOS,5,BRAF_PHOS,5,SRC_PHOS,4,CHEK2_PHOS,7,CHEK2_PHOS,5,MYO1A_PHOS,4,YAP1_PHOS,6,CHEK1_PHOS,6,MAPK_PHOS,7,YAP1_PHOS,6,SHC1_PHOS,4,GSK3ALPHABETA_PHOS,7,MAPK14_PHOS,5,PEA15_PHOS,4,ERALPHA_PHOS,5,TSC2_PHOS,5,SHC1_PHOS,2,MAPK14_PHOS,5,MAP2K1_PHOS,5,GYS1_PHOS,4,STAT3_PHOS,6,CHEK2_PHOS,6,BAD_PHOS,6,RICTOR_PHOS,5,BCATENIN_PHOS,2,PRKCA_PHOS,6,PDPK1_PHOS,7,MTOR_PHOS,7,P27_PHOS,5,SRC_PHOS,4,PDPK1_PHOS,5,RB1_PHOS,3,MYO1A_PHOS,3,ERBB3_PHOS,0,JUN_PHOS,3,AKT1S1_PHOS,4,MAP2K1_PHOS,4,MTOR_PHOS,4,STAT3_PHOS,7,ERBB2_PHOS,8,TSC2_PHOS,3,ERBB2_PHOS,4,AMPK_PHOS,5,PDPK1_PHOS,6,EIF4EBP1_PHOS,5,RICTOR_PHOS,4,AKT1_PHOS,7,GSK3ALPHABETA_PHOS,4,S6_PHOS,4,ERBB3_PHOS,5,PDPK1_PHOS,2,TSC2_PHOS,5,ERBB3_PHOS,6,MDM2_PHOS,2,IGF1R_PHOS,5,BRAF_PHOS,3,GYS1_PHOS,4,ESR1_PHOS,4,BRAF_PHOS,7,RB_PHOS,4,GSK3_PHOS,2,MET_PHOS,5,ATR_PHOS,5,ERBB2_PHOS,4,ERBB3_PHOS,6,MAPK_PHOS,4,P27_PHOS,7,MTOR_PHOS,6,MTOR_PHOS,6,FOXO3_PHOS,6,BCATENIN_PHOS,4,ATR_PHOS,5,CHEK1_PHOS,3,PDPK1_PHOS,5,SRC_PHOS,5,ERALPHA_PHOS,5,YBX1_PHOS,2,MYO1A_PHOS,5,EPHA2_PHOS,4,SRC_PHOS,7,EIF4EBP1_PHOS,8,PLCG2_PHOS,3,STAT3_PHOS,3,GSK3ALPHABETA_PHOS,4,JUN_PHOS,6,EIF4EBP1_PHOS,3,EPHA2_PHOS,4,RPS6KB1_PHOS,4,MAPK_PHOS,5,ACC_PHOS,7,S6_PHOS,5,MYO1A_PHOS,3,ERBB2_PHOS,2,ERALPHA_PHOS,3,ERBB3_PHOS,5,MYO1A_PHOS,6,SRC_PHOS,8,P27_PHOS,2,MTOR_PHOS,7,EIF4EBP1_PHOS,5
9,MYO1A_PHOS,5,EPHA2_PHOS,5,ATM_PHOS,5,FOXO3_PHOS,6,MAPK8_PHOS,4,JUN_PHOS,4,MAPK_PHOS,7,NDRG1_PHOS,5,STAT3_PHOS,3,RPS6KB1_PHOS,3,BAD_PHOS,6,MYO1A_PHOS,4,GSK3ALPHABETA_PHOS,5,SHC1_PHOS,5,ACC_PHOS,5,ESR1_PHOS,5,ERBB3_PHOS,5,CHEK1_PHOS,5,BCATENIN_PHOS,5,MET_PHOS,5,PRKCA_PHOS,5,NFKBP65_PHOS,5,BRAF_PHOS,5,MYO1A_PHOS,4,YAP1_PHOS,6,GYS1_PHOS,4,CHEK1_PHOS,3,PDPK1_PHOS,4,AKT1S1_PHOS,6,NFKBP65_PHOS,6,SRC_PHOS,6,MAP2K1_PHOS,4,RB_PHOS,5,BRAF_PHOS,2,PRKCA_PHOS,6,STAT3_PHOS,4,AKT1_PHOS,3,RPS6KB1_PHOS,4,MAPK14_PHOS,3,NDRG1_PHOS,2,RET_PHOS,4,MYO1A_PHOS,2,BCATENIN_PHOS,2,MAPK8_PHOS,4,MYO1A_PHOS,7,ESR1_PHOS,5,GSK3_PHOS,4,STAT3_PHOS,3,P27_PHOS,2,MAPK_PHOS,6,CHEK1_PHOS,4,MAPK_PHOS,7,PDPK1_PHOS,6,CHEK2_PHOS,5,MAPK_PHOS,5,TSC2_PHOS,3,TSC2_PHOS,6,TSC2_PHOS,4,PRKCA_PHOS,4,FOXO3_PHOS,4,CHEK1_PHOS,6,YBX1_PHOS,6,ESR1_PHOS,4,CHEK1_PHOS,4,MTOR_PHOS,2,GSK3_PHOS,4,PTPN11_PHOS,4,BAD_PHOS,5,ACC_PHOS,4,PRKCA_PHOS,8,SRC_PHOS,4,S6_PHOS,6,CFL1_PHOS,3,ACC_PHOS,6,SRC_PHOS,5,SRC_PHOS,5,ESR1_PHOS,5,FOXO3_PHOS,4,CHEK1_PHOS,4,SRC_PHOS,4,ERALPHA_PHOS,4,ACC_PHOS,4,RB_PHOS,5,ERALPHA_PHOS,5,AKT1S1_PHOS,5,NFKBP65_PHOS,5,ERBB3_PHOS,5,ERBB2_PHOS,6,ACC_PHOS,4,ELK1_PHOS,3,GSK3ALPHABETA_PHOS,4,BAD_PHOS,6,MYO1A_PHOS,6,RPS6KB1_PHOS,4,MTOR_PHOS,6,PKCPANBETAII_PHOS,4,S6_PHOS,4,AMPK_PHOS,6,MYO1A_PHOS,5,ACC_PHOS,6,MET_PHOS,5,PEA15_PHOS,5,BAD_PHOS,6,RB1_PHOS,3,ESR1_PHOS,4,AMPK_PHOS,6,PKCPANBETAII_PHOS,2,NFKBP65_PHOS,6,RB1_PHOS,3,ESR1_PHOS,5,BRAF_PHOS,2,ARAF_PHOS,3,FOXO3_PHOS,7,ATM_PHOS,3,MAPK_PHOS,3,JUN_PHOS,7,AKT1_PHOS,5,PRKCA_PHOS,5,AKT1_PHOS,5,ERBB3_PHOS,7,BRAF_PHOS,3,ESR1_PHOS,5,CHEK1_PHOS,4,RPS6KB1_PHOS,6,MAP2K1_PHOS,7,EGFR_PHOS,3,MAPK14_PHOS,7,ARAF_PHOS,5,BRAF_PHOS,6,ATR_PHOS,3,TSC2_PHOS,4,ATM_PHOS,3,BCATENIN_PHOS,4,EIF4EBP1_PHOS,4,ERBB3_PHOS,4,MAPK_PHOS,6,MAP2K1_PHOS,3,MET_PHOS,4,EIF4EBP1_PHOS,3,EIF4EBP1_PHOS,3,YBX1_PHOS,6,SRC_PHOS,4,STAT3_PHOS,5,RAF1_PHOS,3,STAT3_PHOS,5,ERBB3_PHOS,3,SRC_PHOS,8,CHEK2_PHOS,4,MAPK8_PHOS,5,RPS6KB1_PHOS,7,GSK3ALPHABETA_PHOS,3,PEA15_PHOS,1,STAT3_PHOS,4,SRC_PHOS,6,TSC2_PHOS,4,AMPK_PHOS,7,ESR1_PHOS,5,P27_PHOS,3,MAPK14_PHOS,5,PDPK1_PHOS,4,JUN_PHOS,5,PDPK1_PHOS,5,MAP2K1_PHOS,5,AKT1S1_PHOS,3,P27_PHOS,5,MAPK_PHOS,6,ERBB3_PHOS,5,STAT3_PHOS,4,YBX1_PHOS,3,BAD_PHOS,6,PRKCA_PHOS,7,ERBB3_PHOS,5,RAF1_PHOS,6,MAPK14_PHOS,8,ACC_PHOS,3,MAPK14_PHOS,5,PEA15_PHOS,5,FOXO3_PHOS,4,ERBB2_PHOS,5,EIF4EBP1_PHOS,5,TSC2_PHOS,6,MAPK8_PHOS,7,ATR_PHOS,3,YBX1_PHOS,1,MYO1A_PHOS,5,BCATENIN_PHOS,5,RB_PHOS,5,RB_PHOS,6,BAD_PHOS,4,RB_PHOS,5,SHC1_PHOS,6,ERBB2_PHOS,3,MYO1A_PHOS,4,CHEK1_PHOS,5,ATR_PHOS,4,BRAF_PHOS,6,ERALPHA_PHOS,6,EIF4EBP1_PHOS,7,ACC_PHOS,6,ATR_PHOS,5,SRC_PHOS,5,EIF4EBP1_PHOS,5,RPS6KB1_PHOS,3,MTOR_PHOS,4,MTOR_PHOS,4,ATR_PHOS,3,RB_PHOS,5,ERALPHA_PHOS,6,AKT1S1_PHOS,3,ERALPHA_PHOS,6,CHEK1_PHOS,5,BCATENIN_PHOS,2,YAP1_PHOS,4,ERALPHA_PHOS,6,GSK3ALPHABETA_PHOS,5,ATR_PHOS,3,P27_PHOS,3,RPS6KB1_PHOS,5,NFKBP65_PHOS,6,RB_PHOS,6,ACC_PHOS,4,MYO1A_PHOS,6,EIF4EBP1_PHOS,2,EIF4EBP1_PHOS,5,SHC1_PHOS,4
10,JUN_PHOS,2,NDRG1_PHOS,3,RB_PHOS,5,RB_PHOS,6,P27_PHOS,3,RPS6KB1_PHOS,7,NFKBP65_PHOS,6,GSK3ALPHABETA_PHOS,4,GSK3_PHOS,2,PTK2_PHOS,1,ACC_PHOS,6,MTOR_PHOS,5,MAP2K1_PHOS,3,MYO1A_PHOS,6,TSC2_PHOS,2,CHEK2_PHOS,3,KIT_PHOS,3,PDPK1_PHOS,4,BRAF_PHOS,6,S6_PHOS,5,RPS6KB1_PHOS,4,RICTOR_PHOS,3,PDPK1_PHOS,7,ATR_PHOS,4,FOXO3_PHOS,5,STAT3_PHOS,3,PDPK1_PHOS,5,AMPK_PHOS,6,SHC1_PHOS,4,ELK1_PHOS,4,RAF1_PHOS,4,MTOR_PHOS,4,MAPK8_PHOS,3,YBX1_PHOS,5,GSK3_PHOS,7,RPS6KB1_PHOS,5,SRC_PHOS,5,BAD_PHOS,6,H2AX_PHOS,3,S6_PHOS,4,MAPK14_PHOS,1,EIF4EBP1_PHOS,6,MAPK14_PHOS,3,MAPK_PHOS,5,NFKBP65_PHOS,6,RB1_PHOS,4,MDM2_PHOS,6,NFKBP65_PHOS,5,AKT1S1_PHOS,4,BAD_PHOS,5,RICTOR_PHOS,0,STAT3_PHOS,7,S6_PHOS,6,TSC2_PHOS,8,RAF1_PHOS,5,JUN_PHOS,7,ACC_PHOS,2,BAD_PHOS,5,ATR_PHOS,4,P27_PHOS,4,MET_PHOS,5,NFKBP65_PHOS,4,ERALPHA_PHOS,3,PDPK1_PHOS,8,ERBB3_PHOS,4,RICTOR_PHOS,3,PTK2_PHOS,4,RAF1_PHOS,5,BRAF_PHOS,5,BAD_PHOS,6,BAD_PHOS,8,TSC2_PHOS,4,PTPN11_PHOS,5,ESR1_PHOS,4,ATR_PHOS,4,MAPK_PHOS,4,GSK3_PHOS,4,GSK3_PHOS,3,RPS6KB1_PHOS,6,FOXO3_PHOS,5,RAF1_PHOS,3,MTOR_PHOS,6,RPS6KB1_PHOS,5,BAD_PHOS,2,RB_PHOS,3,SRC_PHOS,6,MTOR_PHOS,7,S6_PHOS,4,EIF4EBP1_PHOS,7,SRC_PHOS,4,CHEK2_PHOS,4,RICTOR_PHOS,0,ESR1_PHOS,5,YBX1_PHOS,5,S6_PHOS,5,ERALPHA_PHOS,3,GSK3_PHOS,4,BRAF_PHOS,2,GSK3_PHOS,3,AMPK_PHOS,2,GSK3ALPHABETA_PHOS,3,JUN_PHOS,7,S6_PHOS,5,NFKBP65_PHOS,7,ACC_PHOS,4,MAPK_PHOS,6,NDRG1_PHOS,6,CHEK2_PHOS,3,MYO1A_PHOS,6,GSK3_PHOS,5,NFKBP65_PHOS,8,EIF4EBP1_PHOS,4,BAD_PHOS,8,RPS6KB1_PHOS,4,PRKCA_PHOS,7,MAPK_PHOS,6,ERBB2_PHOS,5,CHEK2_PHOS,3,GSK3_PHOS,3,ACC_PHOS,5,MET_PHOS,6,FOXO3_PHOS,4,MAP2K1_PHOS,5,MYO1A_PHOS,5,PRKCA_PHOS,7,AMPK_PHOS,6,GYS1_PHOS,3,PDPK1_PHOS,5,ATR_PHOS,5,MTOR_PHOS,6,AMPK_PHOS,8,MTOR_PHOS,2,ATM_PHOS,3,GSK3ALPHABETA_PHOS,5,IGF1R_PHOS,4,CHEK2_PHOS,5,S6_PHOS,4,NDRG1_PHOS,3,P27_PHOS,5,P27_PHOS,4,BAD_PHOS,2,CHEK1_PHOS,4,EPHA2_PHOS,3,PRKCA_PHOS,4,RB1_PHOS,4,EIF4EBP1_PHOS,6,ERBB3_PHOS,3,MAPK8_PHOS,5,CHEK1_PHOS,5,BAD_PHOS,6,ATR_PHOS,4,MYO1A_PHOS,7,BRAF_PHOS,4,MAP2K1_PHOS,5,ATR_PHOS,2,RAF1_PHOS,4,JUN_PHOS,6,RB_PHOS,5,MAPK_PHOS,6,PRKCA_PHOS,6,P27_PHOS,4,STAT3_PHOS,6,MAPK8_PHOS,7,ESR1_PHOS,5,ESR1_PHOS,5,PKCPANBETAII_PHOS,4,P27_PHOS,4,YBX1_PHOS,6,PRKCA_PHOS,5,MAPK14_PHOS,4,EIF4EBP1_PHOS,5,AKT1S1_PHOS,4,ERALPHA_PHOS,5,JUN_PHOS,7,ERBB2_PHOS,3,JUN_PHOS,4,MAP2K1_PHOS,4,HISTONEH3_PHOS,2,BAD_PHOS,5,RB_PHOS,4,NDRG1_PHOS,5,MYO1A_PHOS,3,MAPK8_PHOS,3,ERBB3_PHOS,5,P27_PHOS,4,MAPK8_PHOS,2,YBX1_PHOS,3,BCATENIN_PHOS,4,RB_PHOS,4,BRAF_PHOS,6,ERBB3_PHOS,5,BAD_PHOS,6,ERALPHA_PHOS,4,YBX1_PHOS,4,RAF1_PHOS,5,YBX1_PHOS,5,YBX1_PHOS,4,MTOR_PHOS,6,ERBB3_PHOS,5,BCATENIN_PHOS,4,ERBB2_PHOS,4,MAP2K1_PHOS,7,RICTOR_PHOS,1,NFKBP65_PHOS,4,BCATENIN_PHOS,5,IGF1R_PHOS,4,SRC_PHOS,6,BCATENIN_PHOS,3,ERBB2_PHOS,5,CHEK1_PHOS,4,EGFR_PHOS,2,STAT3_PHOS,2,JUN_PHOS,6,GSK3_PHOS,5,PDPK1_PHOS,6,AMPK_PHOS,5,CHEK1_PHOS,5,GSK3_PHOS,6,TSC2_PHOS,4,NFKBP65_PHOS,7,S6_PHOS,5,MAPK14_PHOS,4,PDPK1_PHOS,4,MAPK14_PHOS,5,P27_PHOS,3
11,MTOR_PHOS,6,BCATENIN_PHOS,3,CHEK1_PHOS,2,JUN_PHOS,5,TSC2_PHOS,3,PKCPANBETAII_PHOS,5,PRKCA_PHOS,8,AMPK_PHOS,3,BAD_PHOS,4,ESR1_PHOS,5,BRAF_PHOS,4,ARAF_PHOS,2,MAPK14_PHOS,6,AMPK_PHOS,6,ERBB2_PHOS,2,RB_PHOS,3,AKT1S1_PHOS,4,PRKCA_PHOS,7,NFKBP65_PHOS,5,YBX1_PHOS,5,STAT3_PHOS,5,BAD_PHOS,5,MAPK8_PHOS,2,ERBB2_PHOS,7,PRKCA_PHOS,4,S6_PHOS,6,EIF4EBP1_PHOS,6,MAP2K1_PHOS,6,PDPK1_PHOS,7,ERBB3_PHOS,2,GYS1_PHOS,5,S6_PHOS,6,SHC1_PHOS,3,FOXO3_PHOS,4,MAP2K1_PHOS,6,PDPK1_PHOS,5,CHEK2_PHOS,3,ATR_PHOS,3,ERBB2_PHOS,4,SHC1_PHOS,3,BRAF_PHOS,5,GYS1_PHOS,4,MTOR_PHOS,4,STAT3_PHOS,4,RPS6KB1_PHOS,7,FOXO3_PHOS,5,EIF4EBP1_PHOS,3,ERALPHA_PHOS,5,S6_PHOS,7,BCATENIN_PHOS,3,STAT3_PHOS,3,GSK3ALPHABETA_PHOS,4,ESR1_PHOS,2,EIF4EBP1_PHOS,7,ERBB2_PHOS,6,RAF1_PHOS,4,RPS6KB1_PHOS,6,MAPK8_PHOS,4,NFKBP65_PHOS,4,PRKCA_PHOS,6,MAPK_PHOS,7,MAP2K1_PHOS,5,MAPK14_PHOS,3,YBX1_PHOS,3,YAP1_PHOS,6,S6_PHOS,5,CHEK2_PHOS,3,NFKBP65_PHOS,6,TSC2_PHOS,7,FOXO3_PHOS,2,EIF4EBP1_PHOS,4,CFL1_PHOS,2,STAT3_PHOS,3,PRKCA_PHOS,7,MTOR_PHOS,3,PDPK1_PHOS,2,ERBB3_PHOS,6,YBX1_PHOS,4,ERALPHA_PHOS,4,BCATENIN_PHOS,3,STAT3_PHOS,4,RPS6KB1_PHOS,6,TSC2_PHOS,3,ERBB3_PHOS,4,NDRG1_PHOS,4,PRKCA_PHOS,4,RAF1_PHOS,5,EIF4EBP1_PHOS,7,MAP2K1_PHOS,4,RAF1_PHOS,5,MAPK8_PHOS,7,BRAF_PHOS,5,STAT3_PHOS,5,CHEK2_PHOS,4,TSC2_PHOS,5,YBX1_PHOS,3,AKT1S1_PHOS,3,SRC_PHOS,5,MDM2_PHOS,2,PDPK1_PHOS,2,PDPK1_PHOS,5,NFKBP65_PHOS,7,RPS6KB1_PHOS,2,MAPK14_PHOS,4,MYO1A_PHOS,7,PKCPANBETAII_PHOS,5,YBX1_PHOS,7,AMPK_PHOS,7,P27_PHOS,5,JUN_PHOS,3,MTOR_PHOS,5,JUN_PHOS,3,BRAF_PHOS,5,RB_PHOS,5,AKT1S1_PHOS,4,SRC_PHOS,3,STAT3_PHOS,5,NDRG1_PHOS,5,ATR_PHOS,4,PDPK1_PHOS,4,MYO1A_PHOS,6,RB_PHOS,3,PDPK1_PHOS,7,MTOR_PHOS,7,MAPK14_PHOS,6,PRKCA_PHOS,7,EGFR_PHOS,3,MAP2K1_PHOS,5,FOXO3_PHOS,7,FOXO3_PHOS,7,PKCPANBETAII_PHOS,6,AMPK_PHOS,6,GSK3_PHOS,4,PKCPANBETAII_PHOS,5,MAP2K1_PHOS,1,RPS6KB1_PHOS,6,RAF1_PHOS,6,MYO1A_PHOS,4,JUN_PHOS,1,ESR1_PHOS,3,SRC_PHOS,4,GSK3_PHOS,4,AKT1_PHOS,4,MAPK8_PHOS,3,MAPK14_PHOS,6,RAF1_PHOS,2,ERALPHA_PHOS,5,STAT3_PHOS,7,ERBB2_PHOS,4,ERBB2_PHOS,1,STAT3_PHOS,1,JUN_PHOS,5,MYO1A_PHOS,4,ERALPHA_PHOS,2,SHC1_PHOS,7,MYO1A_PHOS,7,PTK2_PHOS,4,ACC_PHOS,5,ERALPHA_PHOS,6,EPHA2_PHOS,4,ERBB2_PHOS,4,P27_PHOS,3,P27_PHOS,6,ERBB3_PHOS,1,JUN_PHOS,4,YAP1_PHOS,4,MAPK14_PHOS,4,BRAF_PHOS,6,STAT3_PHOS,4,PDPK1_PHOS,4,S6_PHOS,4,MAPK14_PHOS,6,MTOR_PHOS,5,NFKBP65_PHOS,4,EIF4EBP1_PHOS,5,MAP2K1_PHOS,5,SRC_PHOS,5,JUN_PHOS,7,GSK3ALPHABETA_PHOS,0,FOXO3_PHOS,5,EIF4EBP1_PHOS,4,PTPN11_PHOS,2,ERBB3_PHOS,5,AKT1_PHOS,6,PRKCA_PHOS,4,MTOR_PHOS,4,MAPK_PHOS,6,BAD_PHOS,6,MAPK_PHOS,8,MYO1A_PHOS,5,NDRG1_PHOS,4,CHEK1_PHOS,3,RPS6KA1_PHOS,0,ERALPHA_PHOS,7,ACC_PHOS,7,JUN_PHOS,6,EIF4EBP1_PHOS,4,ERBB3_PHOS,5,RAF1_PHOS,5,YBX1_PHOS,2,MTOR_PHOS,5,PRKCA_PHOS,6,CHEK1_PHOS,6,RB_PHOS,4,CHEK1_PHOS,4,FOXO3_PHOS,5,PRKCA_PHOS,4,AKT1_PHOS,3,NFKBP65_PHOS,6,SHC1_PHOS,3,NDRG1_PHOS,2,IGF1R_PHOS,4,AKT1_PHOS,6,PDPK1_PHOS,5,ERBB3_PHOS,3,CHEK2_PHOS,4,BAD_PHOS,3,GYS1_PHOS,3,PKCPANBETAII_PHOS,4,PRKCA_PHOS,6,SRC_PHOS,7,FOXO3_PHOS,3,AKT1S1_PHOS,4,PRKCA_PHOS,4,MYO1A_PHOS,3
12,AKT1_PHOS,8,RPS6KB1_PHOS,4,P27_PHOS,3,P27_PHOS,4,MAP2K1_PHOS,4,NDRG1_PHOS,3,TSC2_PHOS,3,RICTOR_PHOS,5,MAPK_PHOS,5,MAP2K1_PHOS,5,ERBB2_PHOS,3,NFKBP65_PHOS,3,AMPK_PHOS,7,YBX1_PHOS,3,MAPK14_PHOS,3,EPHA2_PHOS,1,NFKBP65_PHOS,1,AMPK_PHOS,5,AKT1_PHOS,7,CHEK2_PHOS,5,ERBB3_PHOS,4,EZR_PHOS,2,ERALPHA_PHOS,4,PRKCA_PHOS,7,ESR1_PHOS,5,MYO1A_PHOS,6,AKT1_PHOS,3,ELK1_PHOS,2,MDM2_PHOS,4,RB_PHOS,3,PRKCA_PHOS,4,RB_PHOS,3,STAT3_PHOS,6,CHEK2_PHOS,3,CFL1_PHOS,2,ERBB2_PHOS,4,EIF4EBP1_PHOS,3,MAP2K1_PHOS,1,FOXO3_PHOS,4,ERBB2_PHOS,3,AKT1S1_PHOS,4,MTOR_PHOS,4,P27_PHOS,5,MAP2K1_PHOS,6,CHEK1_PHOS,5,MET_PHOS,4,AKT1_PHOS,3,EIF4EBP1_PHOS,6,CHEK2_PHOS,3,RAF1_PHOS,0,MAPK_PHOS,4,EIF4EBP1_PHOS,6,MAPK8_PHOS,5,ERBB2_PHOS,2,PRKCA_PHOS,3,ACC_PHOS,5,BRAF_PHOS,5,MET_PHOS,3,NDRG1_PHOS,5,NFKBP65_PHOS,6,MAP2K1_PHOS,4,STAT3_PHOS,4,MYO1A_PHOS,2,YAP1_PHOS,6,TSC2_PHOS,4,PDPK1_PHOS,3,MET_PHOS,4,ESR1_PHOS,5,NFKBP65_PHOS,2,ESR1_PHOS,6,GSK3ALPHABETA_PHOS,5,ACC_PHOS,5,RICTOR_PHOS,3,ATR_PHOS,4,AMPK_PHOS,6,EPHA2_PHOS,3,FOXO3_PHOS,7,BCATENIN_PHOS,4,ESR1_PHOS,5,BAD_PHOS,6,MTOR_PHOS,6,NFKBP65_PHOS,3,PDPK1_PHOS,5,STAT3_PHOS,4,P27_PHOS,3,ERBB3_PHOS,5,CHEK2_PHOS,5,ACC_PHOS,7,ERALPHA_PHOS,8,CHEK1_PHOS,5,MAP2K1_PHOS,5,STAT3_PHOS,2,PKCPANBETAII_PHOS,4,NDRG1_PHOS,4,NFKBP65_PHOS,5,AKT1S1_PHOS,4,ACC_PHOS,6,MAPK8_PHOS,4,GSK3ALPHABETA_PHOS,4,GSK3_PHOS,6,YBX1_PHOS,4,STAT3_PHOS,5,RB_PHOS,5,ATM_PHOS,3,MAPK_PHOS,5,CHEK1_PHOS,6,MDM2_PHOS,5,BAD_PHOS,4,MAPK_PHOS,3,SHC1_PHOS,4,GSK3_PHOS,5,CHEK1_PHOS,3,ARAF_PHOS,4,ERBB2_PHOS,2,ESR1_PHOS,5,S6_PHOS,4,CHEK1_PHOS,4,MAPK8_PHOS,6,STAT3_PHOS,4,AKT1S1_PHOS,3,NFKBP65_PHOS,3,MET_PHOS,3,BRAF_PHOS,3,AMPK_PHOS,4,NDRG1_PHOS,5,MAP2K1_PHOS,6,S6_PHOS,2,ERALPHA_PHOS,4,MAP2K1_PHOS,4,MAP2K1_PHOS,6,EPHA2_PHOS,2,MAPK_PHOS,4,ERBB2_PHOS,4,BAD_PHOS,6,SRC_PHOS,3,NDRG1_PHOS,5,GSK3_PHOS,6,MAPK_PHOS,7,MAPK14_PHOS,4,ACC_PHOS,4,PLCG2_PHOS,3,PRKCA_PHOS,5,SHC1_PHOS,4,CHEK1_PHOS,4,YBX1_PHOS,7,BCATENIN_PHOS,2,MTOR_PHOS,5,MAPK14_PHOS,6,BAD_PHOS,4,ERALPHA_PHOS,2,ESR1_PHOS,5,AMPK_PHOS,5,BAD_PHOS,5,JUN_PHOS,3,CHEK2_PHOS,3,JUN_PHOS,4,MAPK_PHOS,3,GYS1_PHOS,4,JUN_PHOS,2,P27_PHOS,6,AMPK_PHOS,7,RB1_PHOS,0,FOXO3_PHOS,6,NFKBP65_PHOS,5,SRC_PHOS,3,MYO1A_PHOS,5,RB_PHOS,7,EIF4EBP1_PHOS,5,PEA15_PHOS,3,MAPK_PHOS,5,STAT3_PHOS,8,JUN_PHOS,3,YAP1_PHOS,1,MAPK_PHOS,6,MYO1A_PHOS,5,ERBB3_PHOS,4,BCATENIN_PHOS,3,MAPK8_PHOS,6,STAT3_PHOS,6,ACC_PHOS,5,RPS6KB1_PHOS,3,ERBB3_PHOS,4,BCATENIN_PHOS,3,MTOR_PHOS,5,MDM2_PHOS,2,MYO1A_PHOS,5,ERBB3_PHOS,6,YBX1_PHOS,5,JUN_PHOS,4,MET_PHOS,5,CHEK1_PHOS,6,STAT3_PHOS,1,AKT1S1_PHOS,5,ERBB3_PHOS,5,ERBB3_PHOS,4,FOXO3_PHOS,5,JUN_PHOS,6,ERBB2_PHOS,5,CHEK2_PHOS,3,EIF4EBP1_PHOS,6,ATR_PHOS,4,CHEK1_PHOS,3,SRC_PHOS,5,ATM_PHOS,3,YBX1_PHOS,3,MAPK14_PHOS,5,PDPK1_PHOS,3,RPS6KB1_PHOS,4,EGFR_PHOS,3,BAD_PHOS,5,IGF1R_PHOS,4,BAD_PHOS,4,ERALPHA_PHOS,5,RPS6KB1_PHOS,3,PRKCA_PHOS,6,STAT3_PHOS,6,NDRG1_PHOS,4,MAPK14_PHOS,3,STAT3_PHOS,4,EIF4EBP1_PHOS,5,SHC1_PHOS,4,ERBB2_PHOS,2,SHC1_PHOS,4,TSC2_PHOS,5,PDPK1_PHOS,4
13,ACC_PHOS,7,ATM_PHOS,3,PDPK1_PHOS,6,AKT1_PHOS,5,RB_PHOS,4,FOXO3_PHOS,5,MYO1A_PHOS,2,MAP2K1_PHOS,6,NFKBP65_PHOS,6,S6_PHOS,8,ESR1_PHOS,3,STAT3_PHOS,5,PDPK1_PHOS,5,NFKBP65_PHOS,4,BCATENIN_PHOS,4,MAPK14_PHOS,4,S6_PHOS,3,AKT1S1_PHOS,2,PTK2_PHOS,3,PKCPANBETAII_PHOS,3,NOS3_PHOS,1,ESR1_PHOS,7,AMPK_PHOS,5,ERBB3_PHOS,3,MTOR_PHOS,3,EIF4EBP1_PHOS,4,MAPK14_PHOS,6,CHEK2_PHOS,4,AMPK_PHOS,3,GSK3ALPHABETA_PHOS,4,STAT3_PHOS,4,CHEK2_PHOS,5,MYO1A_PHOS,3,AKT1_PHOS,6,MET_PHOS,4,ATM_PHOS,2,MAPK8_PHOS,7,GYS1_PHOS,6,RAF1_PHOS,6,RB_PHOS,4,PRKCA_PHOS,4,AMPK_PHOS,2,MYO1A_PHOS,4,SHC1_PHOS,4,TSC2_PHOS,2,ACC_PHOS,6,FOXO3_PHOS,5,MDM2_PHOS,2,JUN_PHOS,4,CHEK1_PHOS,6,GSK3_PHOS,3,JUN_PHOS,3,RICTOR_PHOS,1,MET_PHOS,4,RPS6KB1_PHOS,4,FOXO3_PHOS,6,MYO1A_PHOS,4,PEA15_PHOS,3,MTOR_PHOS,4,MAPK_PHOS,6,SRC_PHOS,7,AMPK_PHOS,3,GSK3ALPHABETA_PHOS,3,MYO1A_PHOS,1,PRKCA_PHOS,6,JUN_PHOS,7,GSK3_PHOS,5,S6_PHOS,4,PRKCA_PHOS,3,MAP2K1_PHOS,5,YBX1_PHOS,4,RB_PHOS,4,S6_PHOS,5,MAPK_PHOS,4,CHEK1_PHOS,3,RB_PHOS,5,AKT1_PHOS,3,IGF1R_PHOS,1,AKT1S1_PHOS,2,EPHA2_PHOS,4,SHC1_PHOS,3,BAD_PHOS,2,ESR1_PHOS,1,FOXO3_PHOS,7,ERALPHA_PHOS,5,BRAF_PHOS,2,MET_PHOS,7,MAP2K1_PHOS,4,ATR_PHOS,4,BAD_PHOS,4,RB_PHOS,3,ELK1_PHOS,4,IGF1R_PHOS,1,MAPK14_PHOS,6,PDPK1_PHOS,6,EPHA2_PHOS,4,MET_PHOS,1,PEA15_PHOS,2,YAP1_PHOS,4,NFKBP65_PHOS,4,TSC2_PHOS,4,EIF4EBP1_PHOS,3,PTK2_PHOS,1,MTOR_PHOS,3,JUN_PHOS,4,ERALPHA_PHOS,3,MAPK14_PHOS,3,S6_PHOS,3,CHEK1_PHOS,3,S6_PHOS,4,MET_PHOS,5,AMPK_PHOS,6,PRKCA_PHOS,3,ERALPHA_PHOS,2,PDPK1_PHOS,3,MAPK14_PHOS,3,SHC1_PHOS,2,ERBB2_PHOS,2,MYO1A_PHOS,3,MYO1A_PHOS,4,ACC_PHOS,4,MAP2K1_PHOS,4,YBX1_PHOS,5,GSK3_PHOS,3,FOXO3_PHOS,5,S6_PHOS,6,ACC_PHOS,2,PKCPANBETAII_PHOS,4,AMPK_PHOS,4,BAD_PHOS,3,PDPK1_PHOS,5,CHEK2_PHOS,4,PRKCA_PHOS,5,AKT1_PHOS,6,RB1_PHOS,3,ERBB2_PHOS,4,BRAF_PHOS,8,BCATENIN_PHOS,0,ATR_PHOS,3,GSK3_PHOS,2,MAP2K1_PHOS,6,P27_PHOS,6,MAPK_PHOS,6,ESR1_PHOS,1,CHEK1_PHOS,5,BAD_PHOS,6,AMPK_PHOS,2,MAP2K1_PHOS,5,RAF1_PHOS,5,RB_PHOS,5,AKT1S1_PHOS,5,PRKCA_PHOS,8,EIF4EBP1_PHOS,3,ERBB2_PHOS,1,BRAF_PHOS,2,PKCPANBETAII_PHOS,5,MAPK8_PHOS,4,JUN_PHOS,2,ACC_PHOS,5,BAD_PHOS,4,PDPK1_PHOS,4,GSK3ALPHABETA_PHOS,3,PDPK1_PHOS,7,RB_PHOS,6,ACC_PHOS,2,MAPK14_PHOS,5,TSC2_PHOS,4,CHEK1_PHOS,2,BAD_PHOS,3,GSK3ALPHABETA_PHOS,3,NFKBP65_PHOS,3,ERALPHA_PHOS,3,AMPK_PHOS,4,P27_PHOS,4,GSK3_PHOS,5,PKCPANBETAII_PHOS,4,STAT3_PHOS,4,MAPK_PHOS,2,MAPK14_PHOS,5,ERBB2_PHOS,2,MAPK_PHOS,3,SHC1_PHOS,5,TSC2_PHOS,5,MET_PHOS,4,TSC2_PHOS,4,BRAF_PHOS,6,PRKCA_PHOS,3,ERBB2_PHOS,3,P27_PHOS,5,BAD_PHOS,5,ERBB2_PHOS,4,NFKBP65_PHOS,5,RB_PHOS,3,RB_PHOS,6,ESR1_PHOS,7,ERBB2_PHOS,3,PDPK1_PHOS,4,MAP2K1_PHOS,5,FOXO3_PHOS,5,CHEK1_PHOS,3,JUN_PHOS,5,AMPK_PHOS,3,AKT1_PHOS,3,MDM2_PHOS,2,ERALPHA_PHOS,5,ERALPHA_PHOS,6,EPHA2_PHOS,2,ESR1_PHOS,5,PRKCA_PHOS,4,AMPK_PHOS,4,ERALPHA_PHOS,6,FOXO3_PHOS,6,CHEK1_PHOS,4,MYO1A_PHOS,7,CHEK1_PHOS,5,ACC_PHOS,4,NFKBP65_PHOS,4,SHC1_PHOS,4,MAPK_PHOS,4,BCATENIN_PHOS,3,JUN_PHOS,8,NFKBP65_PHOS,6,MAPK14_PHOS,4,GYS1_PHOS,0,TSC2_PHOS,5
14,P27_PHOS,4,P27_PHOS,4,STAT3_PHOS,2,AMPK_PHOS,4,FOXO3_PHOS,7,ERBB2_PHOS,3,ATR_PHOS,5,AKT1S1_PHOS,4,CHEK1_PHOS,3,ERALPHA_PHOS,3,P27_PHOS,3,IGF1R_PHOS,2,ESR1_PHOS,3,AKT1_PHOS,5,PRKCA_PHOS,5,S6_PHOS,3,MAPK14_PHOS,6,RB_PHOS,7,ERALPHA_PHOS,6,AMPK_PHOS,1,YBX1_PHOS,4,STAT3_PHOS,4,STAT3_PHOS,3,TSC2_PHOS,5,ERALPHA_PHOS,5,PTK2_PHOS,2,MTOR_PHOS,6,MTOR_PHOS,3,EGFR_PHOS,0,GYS1_PHOS,1,PEA15_PHOS,4,ERBB3_PHOS,6,ERALPHA_PHOS,7,P27_PHOS,4,CHEK1_PHOS,4,GSK3_PHOS,6,NFKBP65_PHOS,2,MET_PHOS,4,SRC_PHOS,6,EIF4EBP1_PHOS,5,P27_PHOS,4,GSK3_PHOS,4,RB_PHOS,7,AMPK_PHOS,4,GSK3ALPHABETA_PHOS,1,S6_PHOS,6,ERALPHA_PHOS,5,AMPK_PHOS,5,PKCPANBETAII_PHOS,4,MAPK8_PHOS,5,AMPK_PHOS,7,MAP2K1_PHOS,5,MAP2K1_PHOS,2,AKT1S1_PHOS,5,EIF4EBP1_PHOS,2,ERALPHA_PHOS,7,MAPK_PHOS,6,RAF1_PHOS,3,YBX1_PHOS,3,CHEK2_PHOS,3,CHEK2_PHOS,0,PRKCA_PHOS,7,BRAF_PHOS,3,ACC_PHOS,4,AKT1S1_PHOS,3,AMPK_PHOS,7,PRKCA_PHOS,7,MAPK14_PHOS,0,MAPK14_PHOS,3,GSK3_PHOS,4,PRKCA_PHOS,4,STAT3_PHOS,5,RB_PHOS,2,JUN_PHOS,5,STAT3_PHOS,6,BAD_PHOS,6,SHC1_PHOS,2,PEA15_PHOS,3,STAT3_PHOS,5,NDRG1_PHOS,4,AMPK_PHOS,7,P27_PHOS,4,BCATENIN_PHOS,3,AKT1_PHOS,4,AKT1_PHOS,3,MAPK_PHOS,4,NFKBP65_PHOS,5,YBX1_PHOS,3,SRC_PHOS,4,RB_PHOS,4,BRAF_PHOS,2,S6_PHOS,6,MAPK_PHOS,5,MYO1A_PHOS,6,ATR_PHOS,4,FOXO3_PHOS,6,PKCPANBETAII_PHOS,1,MTOR_PHOS,5,MAP2K1_PHOS,2,BAD_PHOS,1,ERALPHA_PHOS,4,YBX1_PHOS,4,PKCPANBETAII_PHOS,1,FOXO3_PHOS,3,P27_PHOS,4,MAPK14_PHOS,6,NFKBP65_PHOS,4,P27_PHOS,4,NFKBP65_PHOS,4,ACC_PHOS,1,FOXO3_PHOS,6,PDPK1_PHOS,6,GYS1_PHOS,2,MAPK14_PHOS,5,RPS6KB1_PHOS,4,RPS6KB1_PHOS,3,YBX1_PHOS,2,ERALPHA_PHOS,3,MTOR_PHOS,3,S6_PHOS,6,NDRG1_PHOS,1,ERALPHA_PHOS,2,ACC_PHOS,6,NFKBP65_PHOS,4,PKCPANBETAII_PHOS,4,TSC2_PHOS,6,RAF1_PHOS,4,NFKBP65_PHOS,1,PKCPANBETAII_PHOS,4,PDPK1_PHOS,5,BAD_PHOS,3,NFKBP65_PHOS,3,MAPK_PHOS,5,S6_PHOS,2,YBX1_PHOS,5,SRC_PHOS,4,MAPK14_PHOS,2,ATR_PHOS,2,MAP2K1_PHOS,3,PEA15_PHOS,6,CHEK1_PHOS,3,YAP1_PHOS,2,BRAF_PHOS,6,BRAF_PHOS,6,MET_PHOS,3,MTOR_PHOS,6,JUN_PHOS,5,ARAF_PHOS,1,PDPK1_PHOS,3,TSC2_PHOS,3,YAP1_PHOS,4,AKT1_PHOS,4,RPS6KB1_PHOS,4,PRKCA_PHOS,1,BAD_PHOS,1,SRC_PHOS,4,EIF4EBP1_PHOS,4,EGFR_PHOS,3,P27_PHOS,4,AMPK_PHOS,5,CHEK1_PHOS,2,MYO1A_PHOS,6,PKCPANBETAII_PHOS,6,GSK3_PHOS,6,GSK3_PHOS,6,AMPK_PHOS,4,BCATENIN_PHOS,4,CHEK2_PHOS,3,CHEK2_PHOS,3,STAT3_PHOS,4,ERALPHA_PHOS,4,PDPK1_PHOS,6,TSC2_PHOS,5,MET_PHOS,4,AKT1S1_PHOS,5,NFKBP65_PHOS,5,MTOR_PHOS,4,ACC_PHOS,4,ERBB3_PHOS,2,ERBB3_PHOS,5,AKT1S1_PHOS,3,ATR_PHOS,3,RAF1_PHOS,3,ATR_PHOS,2,MAPK_PHOS,7,FOXO3_PHOS,3,RAF1_PHOS,1,PTPN11_PHOS,0,SRC_PHOS,4,BCATENIN_PHOS,2,RPS6KB1_PHOS,6,RET_PHOS,2,GSK3_PHOS,5,STAT3_PHOS,5,SHC1_PHOS,1,SRC_PHOS,4,RPS6KB1_PHOS,6,RAF1_PHOS,4,AMPK_PHOS,4,JUN_PHOS,7,YBX1_PHOS,3,ERBB3_PHOS,5,MTOR_PHOS,4,ACC_PHOS,5,EIF4EBP1_PHOS,7,PDPK1_PHOS,6,RPS6KB1_PHOS,6,GSK3ALPHABETA_PHOS,5,JUN_PHOS,5,BCATENIN_PHOS,3,RPS6KB1_PHOS,4,ERALPHA_PHOS,4,FOXO3_PHOS,5,ESR1_PHOS,3,RB_PHOS,4,PDPK1_PHOS,2,SHC1_PHOS,5,ERALPHA_PHOS,3,ESR1_PHOS,3,SHC1_PHOS,4,PDPK1_PHOS,1,RB1_PHOS,3,TSC2_PHOS,4,ERALPHA_PHOS,5,AKT1S1_PHOS,3
15,YAP1_PHOS,4,BAD_PHOS,7,MTOR_PHOS,6,PRKCA_PHOS,8,BRAF_PHOS,5,CHEK1_PHOS,5,GSK3_PHOS,4,FOXO3_PHOS,4,MAPK14_PHOS,3,MET_PHOS,5,BLNK_PHOS,2,ERALPHA_PHOS,4,NFKBP65_PHOS,4,MET_PHOS,5,MAPK8_PHOS,3,STAT3_PHOS,5,TSC2_PHOS,5,ACC_PHOS,3,STAT3_PHOS,2,P27_PHOS,5,MET_PHOS,5,ERALPHA_PHOS,6,BCATENIN_PHOS,2,MAPK_PHOS,5,MAPK8_PHOS,5,MAPK14_PHOS,5,MET_PHOS,1,GSK3_PHOS,5,PKCPANBETAII_PHOS,2,MET_PHOS,1,MAPK_PHOS,4,ACC_PHOS,6,MAP2K1_PHOS,5,PRKCA_PHOS,6,SRC_PHOS,3,PKCPANBETAII_PHOS,6,P27_PHOS,4,AMPK_PHOS,6,ESR1_PHOS,5,PDPK1_PHOS,3,YBX1_PHOS,2,ERBB2_PHOS,6,ESR1_PHOS,4,ACC_PHOS,3,CHEK2_PHOS,3,ATR_PHOS,3,SHC1_PHOS,2,BAD_PHOS,6,MAP2K1_PHOS,8,AKT1_PHOS,2,BRAF_PHOS,6,RET_PHOS,3,MTOR_PHOS,4,MAPK8_PHOS,4,JUN_PHOS,5,GYS1_PHOS,2,RAF1_PHOS,2,FOXO3_PHOS,6,S6_PHOS,7,CHEK1_PHOS,4,MAPK8_PHOS,3,RB_PHOS,2,RPS6_PHOS,6,RB_PHOS,4,EPHA2_PHOS,6,TSC2_PHOS,5,S6_PHOS,4,ACC_PHOS,5,PDPK1_PHOS,4,MYO1A_PHOS,2,PEA15_PHOS,5,CHEK1_PHOS,7,MTOR_PHOS,4,CHEK1_PHOS,6,CFL1_PHOS,4,YBX1_PHOS,3,MTOR_PHOS,3,MAPK_PHOS,5,ERBB2_PHOS,6,RB1_PHOS,1,MAPK14_PHOS,3,NDRG1_PHOS,4,MET_PHOS,4,RAF1_PHOS,6,BAD_PHOS,5,MYO1A_PHOS,3,EIF4EBP1_PHOS,3,FOXO3_PHOS,5,MAPK14_PHOS,3,YBX1_PHOS,3,YAP1_PHOS,3,MAPK14_PHOS,2,PRKCA_PHOS,3,S6_PHOS,5,CHEK2_PHOS,2,S6_PHOS,6,STAT3_PHOS,1,NFKBP65_PHOS,2,FOXO3_PHOS,5,JUN_PHOS,2,MAP2K1_PHOS,5,MAP2K1_PHOS,5,GSK3ALPHABETA_PHOS,4,TSC2_PHOS,3,BAD_PHOS,5,RAF1_PHOS,6,AKT1S1_PHOS,3,MAP2K1_PHOS,5,FOXO3_PHOS,3,MTOR_PHOS,5,SHC1_PHOS,3,RB1_PHOS,4,AKT1_PHOS,1,MET_PHOS,2,NFKBP65_PHOS,2,ERBB3_PHOS,2,MAPK14_PHOS,6,SRC_PHOS,1,MAPK8_PHOS,4,SRC_PHOS,4,SRC_PHOS,2,ARAF_PHOS,1,AKT1S1_PHOS,2,FOXO3_PHOS,6,MYO1A_PHOS,4,BAD_PHOS,6,ERALPHA_PHOS,5,CHEK2_PHOS,2,STAT3_PHOS,5,SHC1_PHOS,6,ATR_PHOS,4,FOXO3_PHOS,5,BAD_PHOS,6,ATR_PHOS,1,RPS6KB1_PHOS,5,FOXO3_PHOS,3,PKCPANBETAII_PHOS,2,PRKCA_PHOS,3,ACC_PHOS,3,AKT1_PHOS,2,ELK1_PHOS,1,BCATENIN_PHOS,3,MAP2K1_PHOS,4,AKT1_PHOS,3,ACC_PHOS,4,ERBB2_PHOS,6,P27_PHOS,4,RB_PHOS,6,TSC2_PHOS,5,GYS1_PHOS,4,NDRG1_PHOS,1,BCATENIN_PHOS,2,S6_PHOS,3,MAPK_PHOS,4,RPS6KB1_PHOS,4,GSK3_PHOS,3,MAP2K1_PHOS,4,S6_PHOS,6,PLCG2_PHOS,2,MAPK14_PHOS,3,MYO1A_PHOS,6,ERBB2_PHOS,4,GYS1_PHOS,4,FOXO3_PHOS,2,MAPK14_PHOS,5,MAP2K1_PHOS,5,MTOR_PHOS,2,MDM2_PHOS,2,ACC_PHOS,3,YAP1_PHOS,5,AMPK_PHOS,6,CHEK1_PHOS,4,GSK3_PHOS,5,FOXO3_PHOS,6,ATR_PHOS,2,YAP1_PHOS,2,RAF1_PHOS,6,PDPK1_PHOS,2,NDRG1_PHOS,5,MAPK14_PHOS,4,CHEK1_PHOS,0,AKT1S1_PHOS,2,RPS6KB1_PHOS,4,FOXO3_PHOS,3,RAF1_PHOS,3,RPS6KB1_PHOS,3,EPHA2_PHOS,0,NDRG1_PHOS,4,RAF1_PHOS,4,ERALPHA_PHOS,8,ESR1_PHOS,3,ESR1_PHOS,4,ARAF_PHOS,4,PEA15_PHOS,2,CHEK1_PHOS,6,GYS1_PHOS,4,BCATENIN_PHOS,3,YBX1_PHOS,4,MTOR_PHOS,6,RAF1_PHOS,3,MAPK_PHOS,3,STAT3_PHOS,5,PRKCA_PHOS,6,BAD_PHOS,3,STAT3_PHOS,3,YAP1_PHOS,5,YBX1_PHOS,1,RB_PHOS,4,AMPK_PHOS,5,EPHA2_PHOS,3,EPHA2_PHOS,2,YBX1_PHOS,3,BRAF_PHOS,4,CHEK1_PHOS,5,ERBB2_PHOS,4,P27_PHOS,2,AKT1_PHOS,4,MTOR_PHOS,6,AKT1S1_PHOS,5,AKT1S1_PHOS,4,MTOR_PHOS,5,PKCPANBETAII_PHOS,6,ERBB2_PHOS,4,MAPK_PHOS,4,PEA15_PHOS,0
16,EPHA2_PHOS,4,RB_PHOS,2,FOXO3_PHOS,5,GSK3_PHOS,2,MTOR_PHOS,2,MTOR_PHOS,3,AMPK_PHOS,4,S6_PHOS,2,JUN_PHOS,3,EGFR_PHOS,2,PTK2_PHOS,2,NDRG1_PHOS,4,FOXO3_PHOS,3,NDRG1_PHOS,2,PEA15_PHOS,2,TSC2_PHOS,5,PDPK1_PHOS,2,TSC2_PHOS,6,SRC_PHOS,4,ESR1_PHOS,5,P27_PHOS,0,MAPK8_PHOS,4,MAP2K1_PHOS,4,AKT1S1_PHOS,4,MAPK14_PHOS,4,SRC_PHOS,3,JUN_PHOS,7,ACC_PHOS,4,FOXO3_PHOS,5,MYO1A_PHOS,5,P27_PHOS,4,ESR1_PHOS,7,TSC2_PHOS,4,ESR1_PHOS,5,NDRG1_PHOS,5,NDRG1_PHOS,4,BAD_PHOS,4,PRKCA_PHOS,4,BAD_PHOS,4,YBX1_PHOS,4,WWTR1_PHOS,1,PRKCA_PHOS,3,MAPK8_PHOS,6,IGF1R_PHOS,3,MET_PHOS,4,SHC1_PHOS,7,MAPK14_PHOS,5,MAPK14_PHOS,3,H2AX_PHOS,2,RB1_PHOS,3,MTOR_PHOS,5,PEA15_PHOS,5,AKT1S1_PHOS,5,YBX1_PHOS,4,ESR1_PHOS,3,BRAF_PHOS,4,S6_PHOS,2,MYO1A_PHOS,4,ESR1_PHOS,3,RPS6KB1_PHOS,4,AMPK_PHOS,2,RPS6KB1_PHOS,4,MTOR_PHOS,4,ERBB2_PHOS,1,AKT1_PHOS,3,P27_PHOS,4,AKT1_PHOS,3,SHC1_PHOS,1,ERBB3_PHOS,3,RPS6KB1_PHOS,1,TSC2_PHOS,3,MAPK_PHOS,6,MYO1A_PHOS,4,MTOR_PHOS,2,RICTOR_PHOS,1,ESR1_PHOS,3,JUN_PHOS,2,S6_PHOS,2,RICTOR_PHOS,0,ATR_PHOS,3,BAD_PHOS,1,TSC2_PHOS,2,GSK3_PHOS,4,EPHA2_PHOS,5,FOXO3_PHOS,5,PDPK1_PHOS,4,EPHA2_PHOS,2,ERALPHA_PHOS,5,BAD_PHOS,5,MAPK8_PHOS,2,AMPK_PHOS,3,ERALPHA_PHOS,4,BCATENIN_PHOS,2,AKT1_PHOS,2,ERALPHA_PHOS,5,BCATENIN_PHOS,3,ERBB2_PHOS,5,P27_PHOS,2,AKT1_PHOS,2,MAPK8_PHOS,5,MAPK_PHOS,7,AMPK_PHOS,6,STAT3_PHOS,3,S6_PHOS,4,AKT1S1_PHOS,4,PRKCA_PHOS,6,GYS1_PHOS,2,BRAF_PHOS,3,AMPK_PHOS,5,NDRG1_PHOS,4,MYO1A_PHOS,2,MAPK14_PHOS,1,AKT1S1_PHOS,4,GSK3ALPHABETA_PHOS,4,BAD_PHOS,6,BCATENIN_PHOS,2,AMPK_PHOS,5,MET_PHOS,4,BETACATENIN_PHOS,4,GSK3ALPHABETA_PHOS,6,RPS6KB1_PHOS,3,ATR_PHOS,5,BAD_PHOS,3,RAF1_PHOS,4,CHEK1_PHOS,1,BCATENIN_PHOS,4,TSC2_PHOS,5,YAP1_PHOS,3,CHEK1_PHOS,4,MAPK_PHOS,7,CHEK1_PHOS,2,MAP2K1_PHOS,7,ERALPHA_PHOS,6,BCATENIN_PHOS,2,PKCPANBETAII_PHOS,0,PDPK1_PHOS,4,PEA15_PHOS,4,JUN_PHOS,6,ERBB3_PHOS,4,BAD_PHOS,5,ERALPHA_PHOS,2,JUN_PHOS,5,BAD_PHOS,2,ERALPHA_PHOS,4,AKT1S1_PHOS,4,MDM2_PHOS,4,GSK3_PHOS,1,MET_PHOS,0,EIF4EBP1_PHOS,4,PEA15_PHOS,4,AKT1_PHOS,5,PTK2_PHOS,3,YBX1_PHOS,4,PEA15_PHOS,1,MET_PHOS,5,YBX1_PHOS,3,RAF1_PHOS,5,ATR_PHOS,3,MAP2K1_PHOS,2,GSK3ALPHABETA_PHOS,1,GSK3ALPHABETA_PHOS,5,BRAF_PHOS,3,NFKBP65_PHOS,4,P27_PHOS,4,MAPK_PHOS,3,NDRG1_PHOS,6,GSK3_PHOS,2,SGK1_PHOS,1,ERBB3_PHOS,5,MAP2K1_PHOS,5,MAPK8_PHOS,3,BAD_PHOS,3,BAD_PHOS,5,MAP2K1_PHOS,3,P27_PHOS,2,ESR1_PHOS,2,ACC_PHOS,3,YBX1_PHOS,4,MAP2K1_PHOS,4,BRAF_PHOS,5,YBX1_PHOS,5,SRC_PHOS,4,EPHA2_PHOS,2,PDPK1_PHOS,4,EPHA2_PHOS,4,RB1_PHOS,3,SHC1_PHOS,6,SHC1_PHOS,4,MYO1A_PHOS,5,PDPK1_PHOS,3,P27_PHOS,6,ATR_PHOS,4,YBX1_PHOS,3,RAF1_PHOS,4,AKT1S1_PHOS,2,MET_PHOS,5,ERBB3_PHOS,2,PDPK1_PHOS,5,NFKBP65_PHOS,4,ERALPHA_PHOS,6,STAT3_PHOS,3,GSK3ALPHABETA_PHOS,2,MAP2K1_PHOS,8,EGFR_PHOS,3,PDPK1_PHOS,4,BAD_PHOS,4,ERBB2_PHOS,1,CHEK2_PHOS,4,EIF4EBP1_PHOS,6,MTOR_PHOS,4,MAPK_PHOS,5,RB_PHOS,5,MTOR_PHOS,5,P27_PHOS,3,MAPK8_PHOS,1,SRC_PHOS,2,GSK3ALPHABETA_PHOS,6,MAPK_PHOS,5,EIF4EBP1_PHOS,1,FOXO3_PHOS,4,MAPK14_PHOS,3,TSC2_PHOS,3,CHEK1_PHOS,3,RPS6KB1_PHOS,3,GSK3_PHOS,5
17,ESR1_PHOS,1,MET_PHOS,2,MAP2K1_PHOS,5,GSK3ALPHABETA_PHOS,2,EPHA2_PHOS,4,AMPK_PHOS,3,RB_PHOS,3,MAPK_PHOS,4,TSC2_PHOS,4,AKT1_PHOS,2,RICTOR_PHOS,2,ATM_PHOS,3,JUN_PHOS,5,TSC2_PHOS,2,EPHA2_PHOS,5,FOXO3_PHOS,1,LAT_PHOS,2,FOXO3_PHOS,5,CHEK1_PHOS,5,SRC_PHOS,1,CHEK1_PHOS,5,MAPK14_PHOS,5,EZR_PHOS,3,ESR1_PHOS,5,ERBB2_PHOS,2,AMPK_PHOS,4,RAF1_PHOS,6,CHEK1_PHOS,2,PRKCA_PHOS,6,TSC2_PHOS,4,MET_PHOS,5,MET_PHOS,5,MET_PHOS,5,GSK3ALPHABETA_PHOS,5,PDPK1_PHOS,2,TSC2_PHOS,5,BRAF_PHOS,6,AKT1_PHOS,2,EPHA2_PHOS,0,BAD_PHOS,4,JUN_PHOS,3,JUN_PHOS,4,ERALPHA_PHOS,6,ERALPHA_PHOS,7,MAPK8_PHOS,3,CHEK1_PHOS,3,GSK3ALPHABETA_PHOS,3,BRAF_PHOS,4,PTPN11_PHOS,1,STAT3_PHOS,2,SRC_PHOS,8,ESR1_PHOS,6,CHEK2_PHOS,5,IGF1R_PHOS,4,P27_PHOS,6,ERBB3_PHOS,5,CHEK2_PHOS,3,BRAF_PHOS,5,EIF4EBP1_PHOS,6,MET_PHOS,6,MTOR_PHOS,5,MET_PHOS,4,YBX1_PHOS,5,MAPK_PHOS,4,PEA15_PHOS,5,PKCPANBETAII_PHOS,2,YBX1_PHOS,4,STAT3_PHOS,2,ESR1_PHOS,2,SRC_PHOS,5,MAPK8_PHOS,2,AMPK_PHOS,2,RAF1_PHOS,6,AMPK_PHOS,3,RB_PHOS,3,ERBB3_PHOS,2,NDRG1_PHOS,4,TSC2_PHOS,7,ARAF_PHOS,0,PDPK1_PHOS,3,ACC_PHOS,1,EIF4EBP1_PHOS,2,ERBB3_PHOS,3,CHEK2_PHOS,3,ATR_PHOS,3,EPHA2_PHOS,4,MAP2K1_PHOS,4,MAPK14_PHOS,2,PKCPANBETAII_PHOS,3,PTK2_PHOS,4,PKCPANBETAII_PHOS,0,MAPK8_PHOS,3,PDPK1_PHOS,2,FOXO3_PHOS,2,ERBB3_PHOS,3,ARAF_PHOS,4,SHC1_PHOS,5,FOXO3_PHOS,4,ACC_PHOS,5,GSK3ALPHABETA_PHOS,1,NDRG1_PHOS,5,GSK3_PHOS,4,RAF1_PHOS,5,RICTOR_PHOS,1,ERBB3_PHOS,2,BRAF_PHOS,2,ERALPHA_PHOS,6,ERALPHA_PHOS,3,WWTR1_PHOS,1,ATR_PHOS,3,AKT1_PHOS,4,SRC_PHOS,4,PDPK1_PHOS,3,SHC1_PHOS,3,BCATENIN_PHOS,3,CHEK1_PHOS,2,TSC2_PHOS,5,P27_PHOS,5,YBX1_PHOS,3,SHC1_PHOS,6,GSK3ALPHABETA_PHOS,5,RET_PHOS,3,RAF1_PHOS,4,S6_PHOS,2,MAPK8_PHOS,1,ESR1_PHOS,4,P27_PHOS,4,TSC2_PHOS,4,PDPK1_PHOS,5,NFKBP65_PHOS,3,P27_PHOS,2,STAT3_PHOS,3,RPS6KB1_PHOS,3,AMPK_PHOS,6,JUN_PHOS,1,MTOR_PHOS,3,ARAF_PHOS,3,AKT1_PHOS,2,PKCPANBETAII_PHOS,1,NFKBP65_PHOS,4,MTOR_PHOS,2,ESR1_PHOS,2,PEA15_PHOS,4,P27_PHOS,3,PLCG2_PHOS,3,MET_PHOS,2,ACC_PHOS,1,ACC_PHOS,5,GSK3_PHOS,5,NFKBP65_PHOS,3,MAPK_PHOS,4,MTOR_PHOS,5,RB_PHOS,2,BCATENIN_PHOS,4,ESR1_PHOS,6,SHC1_PHOS,1,ERBB3_PHOS,5,MAPK8_PHOS,4,NFKBP65_PHOS,5,GSK3_PHOS,2,FOXO3_PHOS,6,MAPK14_PHOS,1,MAPK14_PHOS,3,AKT1_PHOS,4,AKT1S1_PHOS,3,NFKBP65_PHOS,4,S6_PHOS,3,PKCPANBETAII_PHOS,4,PKCPANBETAII_PHOS,2,MAPK8_PHOS,4,RAF1_PHOS,4,ATM_PHOS,2,RPS6KB1_PHOS,5,RB_PHOS,3,MAPK8_PHOS,4,MTOR_PHOS,4,NDRG1_PHOS,0,TSC2_PHOS,3,ESR1_PHOS,6,GSK3ALPHABETA_PHOS,1,GYS1_PHOS,2,PKCPANBETAII_PHOS,4,FOXO3_PHOS,6,ACC_PHOS,2,NFKBP65_PHOS,7,SRC_PHOS,5,BRAF_PHOS,7,GSK3ALPHABETA_PHOS,2,ERALPHA_PHOS,5,TSC2_PHOS,5,AKT1_PHOS,3,ERBB3_PHOS,2,BCATENIN_PHOS,4,NFKBP65_PHOS,2,PDPK1_PHOS,4,AKT1S1_PHOS,3,RB_PHOS,4,STAT3_PHOS,4,ERBB2_PHOS,5,NFKBP65_PHOS,5,RB_PHOS,4,MET_PHOS,4,MAPK8_PHOS,4,ERBB2_PHOS,5,FOXO3_PHOS,6,GSK3_PHOS,2,MAPK_PHOS,3,ERBB3_PHOS,3,PDPK1_PHOS,5,RICTOR_PHOS,2,MTOR_PHOS,5,CHEK1_PHOS,5,IGF1R_PHOS,2,ERBB2_PHOS,0,AKT1_PHOS,2,ERBB2_PHOS,5,MAPK14_PHOS,4,TSC2_PHOS,3,FOXO3_PHOS,6,STAT3_PHOS,2,ER_PHOS,1,MET_PHOS,2,MYO1A_PHOS,3,PDPK1_PHOS,5,CHEK1_PHOS,4
18,YBX1_PHOS,2,ERBB3_PHOS,2,NFKBP65_PHOS,5,NFKBP65_PHOS,5,MET_PHOS,4,MAPK14_PHOS,3,MDM2_PHOS,5,IRS1_PHOS,1,P27_PHOS,4,ATM_PHOS,0,ATM_PHOS,0,MAPK14_PHOS,2,ACC_PHOS,2,PKCPANBETAII_PHOS,0,RB1_PHOS,3,BRAF_PHOS,5,PEA15_PHOS,1,MAPK14_PHOS,4,MAPK14_PHOS,5,FOXO3_PHOS,4,MDM2_PHOS,5,BRAF_PHOS,2,CHEK1_PHOS,5,STAT3_PHOS,1,P27_PHOS,5,ESR1_PHOS,3,ACC_PHOS,3,PEA15_PHOS,2,CHEK1_PHOS,1,MAPK14_PHOS,6,GSK3ALPHABETA_PHOS,3,BAD_PHOS,2,MAPK_PHOS,2,EGFR_PHOS,4,ESR1_PHOS,4,MAPK_PHOS,4,GSK3ALPHABETA_PHOS,3,MTOR_PHOS,2,BCATENIN_PHOS,1,FOXO3_PHOS,5,AKT1_PHOS,4,RPS6KB1_PHOS,4,SRC_PHOS,1,ATR_PHOS,2,YBX1_PHOS,2,EIF4EBP1_PHOS,6,ATM_PHOS,3,AKT1_PHOS,3,MTOR_PHOS,6,MTOR_PHOS,4,ATR_PHOS,3,AKT1_PHOS,1,NFKBP65_PHOS,5,MAPK_PHOS,5,ERALPHA_PHOS,3,CHEK2_PHOS,1,MAPK14_PHOS,5,JUN_PHOS,6,JUN_PHOS,7,EIF4EBP1_PHOS,2,PRKCA_PHOS,5,MYO1A_PHOS,2,STAT3_PHOS,2,EIF4EBP1_PHOS,6,S6_PHOS,1,RPS6KA1_PHOS,4,NFKBP65_PHOS,2,MAP2K1_PHOS,4,S6_PHOS,1,MTOR_PHOS,4,RB_PHOS,4,PRKCA_PHOS,5,CHEK2_PHOS,4,ERBB3_PHOS,2,MAPK8_PHOS,3,MTOR_PHOS,2,SRC_PHOS,5,RPS6KA1_PHOS,4,PLCG1_PHOS,0,PTK2_PHOS,2,MAPK8_PHOS,4,MAPK14_PHOS,3,EIF4EBP1_PHOS,5,PKCPANBETAII_PHOS,3,PEA15_PHOS,5,MTOR_PHOS,3,PRKCA_PHOS,4,ATR_PHOS,5,ERBB2_PHOS,5,RPS6KB1_PHOS,2,PRKCA_PHOS,0,SRC_PHOS,4,TSC2_PHOS,4,TSC2_PHOS,4,FOXO3_PHOS,2,NDRG1_PHOS,4,MAPK8_PHOS,1,MAPK_PHOS,4,RAF1_PHOS,4,S6_PHOS,3,RB_PHOS,1,P27_PHOS,4,MET_PHOS,5,PDPK1_PHOS,3,BRAF_PHOS,7,AKT1_PHOS,6,AMPK_PHOS,4,TSC2_PHOS,3,SRC_PHOS,3,SRC_PHOS,4,YAP1_PHOS,2,GSK3ALPHABETA_PHOS,3,NFKBP65_PHOS,4,FOXO3_PHOS,5,SHC1_PHOS,5,YBX1_PHOS,4,MYO1A_PHOS,3,ATR_PHOS,3,RPS6KB1_PHOS,4,BAD_PHOS,6,RAF1_PHOS,3,SRC_PHOS,2,ESR1_PHOS,6,SHC1_PHOS,4,SRC_PHOS,4,MAPK14_PHOS,1,STAT5_PHOS,0,STAT3_PHOS,4,ESR1_PHOS,3,ATM_PHOS,3,S6_PHOS,2,PDPK1_PHOS,5,ESR1_PHOS,6,ERBB2_PHOS,1,MTOR_PHOS,4,RB_PHOS,6,ERBB2_PHOS,4,MAP2K1_PHOS,4,TSC2_PHOS,7,PRKCA_PHOS,2,NFKBP65_PHOS,3,NFKBP65_PHOS,2,ERBB3_PHOS,4,TSC2_PHOS,5,BCATENIN_PHOS,3,EGFR_PHOS,4,BCATENIN_PHOS,1,MDM2_PHOS,0,MAP2K1_PHOS,5,CHEK2_PHOS,3,NFKBP65_PHOS,5,MAP2K1_PHOS,4,EGFR_PHOS,5,TSC2_PHOS,3,STAT3_PHOS,5,P27_PHOS,2,EPHA2_PHOS,5,MTOR_PHOS,2,SRC_PHOS,4,BRAF_PHOS,2,PRKCA_PHOS,6,MAPK8_PHOS,5,MAPK_PHOS,4,MAPK_PHOS,5,PDPK1_PHOS,4,ATR_PHOS,2,AMPK_PHOS,6,BAD_PHOS,4,MAPK_PHOS,5,MYO1A_PHOS,3,GSK3_PHOS,2,AMPK_PHOS,5,EIF4EBP1_PHOS,4,MYO1A_PHOS,4,RAF1_PHOS,5,TSC2_PHOS,3,PRKCA_PHOS,5,RAF1_PHOS,1,EIF4EBP1_PHOS,4,MTOR_PHOS,4,GSK3ALPHABETA_PHOS,3,MDM2_PHOS,3,PDPK1_PHOS,3,SRC_PHOS,4,FOXO3_PHOS,5,CHEK1_PHOS,4,SRC_PHOS,4,AKT1_PHOS,5,ATR_PHOS,4,PRKCA_PHOS,2,S6_PHOS,5,ARAF_PHOS,3,EGFR_PHOS,4,FOXO3_PHOS,4,MTOR_PHOS,6,RB_PHOS,4,NFKBP65_PHOS,3,ATR_PHOS,4,MAPK14_PHOS,6,PEA15_PHOS,3,MAPK14_PHOS,2,PDPK1_PHOS,4,PDPK1_PHOS,4,TSC2_PHOS,3,RB_PHOS,3,NFKBP65_PHOS,1,CHEK1_PHOS,4,PDPK1_PHOS,2,MTOR_PHOS,1,NFKBP65_PHOS,5,MYO1A_PHOS,3,NFKBP65_PHOS,4,ERBB2_PHOS,4,NFKBP65_PHOS,5,RAF1_PHOS,4,GSK3ALPHABETA_PHOS,3,AMPK_PHOS,4,AKT1S1_PHOS,3,CHEK1_PHOS,4,ACC_PHOS,4,AKT1S1_PHOS,2,PDPK1_PHOS,5,BAD_PHOS,1,SRC_PHOS,6,PKCPANBETAII_PHOS,1
19,STAT3_PHOS,2,SHC1_PHOS,1,SRC_PHOS,4,ERALPHA_PHOS,0,MAPK_PHOS,5,MAP2K1_PHOS,7,ERBB3_PHOS,3,RPS6KB1_PHOS,3,RB1_PHOS,3,MYO1A_PHOS,4,RB_PHOS,3,FOXO3_PHOS,4,BCATENIN_PHOS,3,MTOR_PHOS,6,RB_PHOS,7,NDRG1_PHOS,2,ATR_PHOS,1,AKT1_PHOS,5,AMPK_PHOS,2,ERBB2_PHOS,3,ACC_PHOS,3,S6_PHOS,2,ERBB2_PHOS,1,NFKBP65_PHOS,5,MYO1A_PHOS,2,BRAF_PHOS,0,BAD_PHOS,4,SRC_PHOS,3,JUN_PHOS,5,CHEK2_PHOS,0,AKT1S1_PHOS,2,SHC1_PHOS,1,ACC_PHOS,2,NDRG1_PHOS,2,EIF4EBP1_PHOS,4,PRKCA_PHOS,5,ESR1_PHOS,3,PKCPANBETAII_PHOS,2,ERBB3_PHOS,4,AMPK_PHOS,5,MYO1A_PHOS,3,BRAF_PHOS,4,TSC2_PHOS,5,YAP1_PHOS,4,AKT1S1_PHOS,2,MTOR_PHOS,5,MAPK8_PHOS,5,MAPK8_PHOS,2,GYS1_PHOS,3,S6_PHOS,4,RAF1_PHOS,3,MAPK8_PHOS,5,MYO1A_PHOS,3,CHEK1_PHOS,2,AMPK_PHOS,6,EPHA2_PHOS,0,GYS1_PHOS,3,PDPK1_PHOS,6,RAF1_PHOS,4,ERALPHA_PHOS,4,TSC2_PHOS,4,SHC1_PHOS,0,PRKCA_PHOS,5,TSC2_PHOS,6,STAT5_PHOS,1,SRC_PHOS,4,BAD_PHOS,3,PRKCA_PHOS,7,STAT3_PHOS,8,EIF4EBP1_PHOS,2,MTOR_PHOS,4,JUN_PHOS,3,RPS6KB1_PHOS,3,MET_PHOS,2,NFKBP65_PHOS,3,TSC2_PHOS,4,IGF1R_PHOS,1,BAD_PHOS,4,CFL1_PHOS,4,MAPK8_PHOS,2,MET_PHOS,2,AMPK_PHOS,4,NFKBP65_PHOS,3,MAP2K1_PHOS,5,MYO1A_PHOS,2,ELK1_PHOS,4,SRC_PHOS,2,AMPK_PHOS,6,CHEK1_PHOS,5,S6_PHOS,2,S6_PHOS,3,MYO1A_PHOS,4,AMPK_PHOS,3,GSK3_PHOS,3,EIF4EBP1_PHOS,3,PDPK1_PHOS,3,JUN_PHOS,3,PRKCA_PHOS,7,STAT3_PHOS,5,ERALPHA_PHOS,6,ERBB3_PHOS,5,MAPK14_PHOS,3,BRAF_PHOS,3,JUN_PHOS,3,TSC2_PHOS,5,SRC_PHOS,3,AKT1_PHOS,6,ERBB2_PHOS,1,MAP2K1_PHOS,3,RB_PHOS,7,STAT3_PHOS,4,FOXO3_PHOS,2,WWTR1_PHOS,1,NDRG1_PHOS,5,BRAF_PHOS,4,MAP2K1_PHOS,3,MTOR_PHOS,5,MAPK14_PHOS,2,ACC_PHOS,2,BRAF_PHOS,6,PEA15_PHOS,5,EIF4EBP1_PHOS,2,GSK3ALPHABETA_PHOS,6,JUN_PHOS,2,CHEK2_PHOS,0,STAT5_PHOS,1,MET_PHOS,4,MAPK8_PHOS,6,NFKBP65_PHOS,2,PKCPANBETAII_PHOS,2,CHEK2_PHOS,1,EPHA2_PHOS,3,ACC_PHOS,5,MAPK14_PHOS,4,ERBB2_PHOS,5,RICTOR_PHOS,0,BAD_PHOS,2,YAP1_PHOS,3,MYO1A_PHOS,2,TSC2_PHOS,4,RB_PHOS,1,AKT1S1_PHOS,4,SRC_PHOS,5,MTOR_PHOS,4,AKT1_PHOS,3,ACC_PHOS,0,ATM_PHOS,1,PEA15_PHOS,4,ERBB3_PHOS,1,BRAF_PHOS,5,SRC_PHOS,3,MAPK8_PHOS,2,IGF1R_PHOS,1,NDRG1_PHOS,4,PRKCA_PHOS,3,MAPK14_PHOS,5,BRAF_PHOS,3,SRC_PHOS,4,BAD_PHOS,5,S6_PHOS,2,RAF1_PHOS,4,MTOR_PHOS,5,TSC2_PHOS,6,RAF1_PHOS,4,EPHA2_PHOS,2,BRAF_PHOS,5,MAP2K1_PHOS,2,SHC1_PHOS,1,ESR1_PHOS,1,ERALPHA_PHOS,3,PDPK1_PHOS,1,EIF4EBP1_PHOS,5,PDPK1_PHOS,2,BCATENIN_PHOS,4,CHEK2_PHOS,3,PRKCA_PHOS,6,AMPK_PHOS,1,RICTOR_PHOS,2,GSK3_PHOS,4,NDRG1_PHOS,2,BAD_PHOS,4,PEA15_PHOS,3,MAP2K1_PHOS,3,GYS1_PHOS,3,BCATENIN_PHOS,3,MAPK14_PHOS,4,BCATENIN_PHOS,4,TSC2_PHOS,4,MTOR_PHOS,1,RAF1_PHOS,4,FOXO3_PHOS,6,S6_PHOS,2,RICTOR_PHOS,2,EIF4EBP1_PHOS,2,MYO1A_PHOS,4,RPS6KB1_PHOS,4,GSK3ALPHABETA_PHOS,2,MAPK_PHOS,5,TSC2_PHOS,5,ESR1_PHOS,2,NFKBP65_PHOS,3,SRC_PHOS,3,ATR_PHOS,0,GYS1_PHOS,1,RPS6KB1_PHOS,2,RPS6KB1_PHOS,2,AKT1_PHOS,3,MYO1A_PHOS,6,ATR_PHOS,3,EGFR_PHOS,2,MAP2K1_PHOS,3,SHC1_PHOS,2,GSK3ALPHABETA_PHOS,1,STAT3_PHOS,2,BRAF_PHOS,4,RPS6KB1_PHOS,7,ERALPHA_PHOS,4,CHEK1_PHOS,3,ERBB3_PHOS,5,ERBB2_PHOS,4,MAPK_PHOS,1,GSK3ALPHABETA_PHOS,3,MAPK_PHOS,7,ACC_PHOS,4,RICTOR_PHOS,1
